  Joint Histogram (Y_1, Y_3) --  Y_1 = flight time in minutes, Y_3 = departure delay time in minutes
[a_{u1k},b_{u1k}) [a_{u3k},b_{u3k}) p_{uk_1k_3};  [a_{u1k},b_{u1k}) [a_{u3k},b_{u3k}) p_{uk_1k_3};  [a_{u1k},b_{u1k}) [a_{u3k},b_{u3k}) p_{uk_1k_3};  
                               [a_{u1k},b_{u1k}) [a_{u3k},b_{u3k}) p_{uk_1k_3};   [a_{u1k},b_{u1k})  [a_{u3k},b_{u3k})  p_{uk_1k_3};  
           u=1                      u=2                       u=3                       u=4                       u=5  
[25,50),[-20,-5) 0.0835;  [10,50),[-20,-5) 0.0227;  [10,50),[-30,-5) 0.0165;  [20,35),[-18,-5) 0.0106;  [20,40),[-20, -5) 0.0636;  
[25,50),[-5,0)  0.0767;   [10,50),[-5,0) 0.0532;    [10,50),[-5,0) 0.0114;    [20,35),[-5,0) 0.0319;    [20,40),[-5,0) 0.0924;  
[25,50),[0,10) 0.0381;    [10,50),[0,20) 0.0292;    [10,50),[0,15) 0.0242;    [20,35),[0,20) 0.0111;    [20,40),[0, 60] 0.0423;   
[25,50),[10,50) 0.0547;   [10,50),[20,50] 0.0122;   [10,50),[15,50) 0.0089;   [20,35),[20,120] 0.0120;  [40, 60),[-20, -5) 0.0978;    
[25,50),[50,150] 0.0273;  [50,90),[-20,-5) 0.1238;  [10,50),50,150] 0.0079;   [35,50),[-18,-5) 0.0550;  [40, 60),[-5, 0) 0.2361;   
[50,75),[-20,-5) 0.0703;  [50,90),[-5,0) 0.1844;    [50,90),[-30,-5) 0.0410;  [35,50),[-5,0) 0.1543;    [40, 60),[0,60] 0.1399;   
[50,75),[-5,0) 0.0789;    [50,90),[0,20) 0.1024;    [50,90),[-5,0) 0.0896;    [35,50),[0,20) 0.0718;    [60,80),[-20,-5) 0.0312;   
[50,75),[0,10) 0.0459;    [50,90),[20,50] 0.0654;   [50,90),[0,15) 0.1572;    [35,50),[20,120] 0.0559;  [60,80),[-5,0) 0.0527;   
[50,75),[10,50) 0.068;    [90,130),[-20,-5) 0.0436; [50,90),[15,50) 0.0454;   [50,65),[-18,-5) 0.0417;  [60,80),[0,60] 0.0600;   
[50,75),[50,150] 0.0377;  [90,130),[-5,0) 0.0889;   [50,90),[50,150] 0.0347;  [50,65),[-5,0) 0.1246;     [80,100),[-20,-5) 0.0255;  
[75,100),[-20,-5) 0.0525; [90,130),[0,20) 0.0628;    [90,130),[-30,-5) 0.0583;  [50,65),[0,20) 0.0705;   [80,100),[-5, 0) 0.0546;   
[75,100),[-5,0) 0.0550;   [90,130),[20,50] 0.0405;   [90,130),[-5,0) 0.0896;    [50,65),[20,120] 0.0448; [80,100),[0, 60] 0.0510;   
[75,100),[0,10) 0.0472;    [130,170],[-20,-5) 0.0471; [90,130),[0,15) 0.2377;   [65,80),[-18,-5) 0.0470;  [100,120],[-20,-5) 0.0116;   
[75,100),[10,50) 0.0595;   [130,170],[-5,0) 0.0615;   [90,130),[15,50) 0.0753;  [65,80),[-5,0) 0.0971;    [100,120],[-5,0) 0.0201;   
[75,100),[50,150] 0.0357;  [130,170],[0,20) 0.0436;   [90,130),[50,150] 0.0535; [65,80),[0,20) 0.0368;    [100,120],[0,60] 0.0213;   
[100,125],[-20,-5) 0.0451; [130,170],[20,50] 0.0187;  [130,170],[-30,-5) 0.0066;  [65,80),[20,120] 0.0275;             .              
[100,125],[-5,0) 0.0377$;               .             [130,170],[-5,0) 0.0068;   [80,95],[-18,-5) 0.0230;              .                  
[100,125],[0,10) 0.0297$;               .             [130,170],[0,15) 0.0181;   [80,95],[-5,0)$&$0.0505;              .                     
[100,125],[10,50) 0.0316;               .             [130,170],[15,50) 0.0088;  [80,95],[0,20)$&$0.0230;              .                
[100,125],[50,150] 0.0248;              .             [130,170],[50,150] 0.0084; [80,95],[20,120]$&$0.0111;            .                  
------------------------------------------------------------------------------------------------------------------------------------------
          u=6                        u=7                        u=8                        u=9                         u=10           
[40,100),[-20,-5) 0.0115;  [40,90),[-20,-5) 0.0214;  [35,70),[-15,-5) 0.0496;  [20,40),[-20,-5) 0.0072;  [200,250),[-16,-5) 0.0135;   
[40,100),[-5,0) 0.0227;    [40,90),[-5,0) 0.0394;   [35,70),[-5,0) 0.0551;     [20,40),[-5,0) 0.0110;    [200,250),[-5, 0) 0.0526;   
[40,100),[0,10) 0.0151;    [40,90),[0,10) 0.0499;   [35,70),[0,40] 0.0234;     [20,40),[0,10) 0.0154;    [200,250),[0, 10) 0.0511;   
[40,100),[10,50)0.0188;    [40,90),[10,50) 0.0534;  [70,135),[-15,-5) 0.0413;  [20,40),[10,50) 0.0186;   [200,250),[10,30] 0.0466;  
[40,100),[50,150] 0.0136;  [40,90),[50,100] 0.0069; [70,135),[-5,0) 0.0427;    [20,40),[50,100] 0.0076;  [250,300),[-16,-5) 0.0662;  
[100,180),[-20,-5) 0.0714; [90,140),[-20,-5) 0.0252; [70,135),[0,40] 0.0303;    [40,60),[-20,-5) 0.0976;   [250,300),[-5, 0) 0.1368;   
[100,180),[-5,0) 0.1640;   [90,140),[-5,0) 0.0648;  [135,195),[-15,-5) 0.0661;  [40,60),[-5,0) 0.1411;    [250,300),[0,10) 0.1143;  
[100,180),[0,10) 0.1195;   [90,140),[0,10) 0.0884;  [135,195),[-5,0) 0.1887;    [40,60),[0,10) 0.0951;    [250,300),[10, 30] 0.0782;   
[100,180),[10,50) 0.1121;  [90,140),[10,50) 0.0905;  [135,195),[0,40] 0.1694;   [40,60),[10,50) 0.0784;   [300,350),[-16,-5) 0.0541;  
[100,180),[50,150] 0.0634; [90,140),[50,100] 0.0159;  [195,255],[-15,-5) 0.1019;   [40,60),[50,100] 0.0460;  [300,350),[-5,0) 0.0887;   
[180,240),[-20,-5) 0.0194;  [140,190),[-20,-5) 0.0358;  [195,255],[-5,0) 0.1639;  [60,80),[-20,-5) 0.0611;  [300,350),[0,10) 0.1158;   
[180,240),[-5,0) 0.0435;    [140,190),[-5,0) 0.0897;   [195,255],[0,40] 0.0675;   [60,80),[-5,0) 0.0721;  [300,350),[10,30] 0.0812;  
[180,240),[0,10) 0.0468;    [140,190),[0,10) 0.1167;               .              [60,80),[0,10) 0.0444;  [350,400],[-16,-5) 0.0256;   
[180,240),[10,50) 0.0377;   [140,190),[10,50) 0.0947;              .              [60,80),[10,50) 0.0450; [350,400],[-5, 0) 0.0361;   
[180,240),[50,150] 0.0241;  [140,190),[50,100] 0.0138;             .              [60,80),[50,100] 0.0359; [350,400],[0,10) 0.0271;   
[240,320),[-20,-5) 0.0216;  [190,240),[-20,-5) 0.0019;             .              [80,100),[-20,-5) 0.0148;  [350,400],[10,30] 0.0120;  
[240,320),[-5,0) 0.0432;    [190,240),[-5,0) 0.0044;               .              [80,100),[-5,0) 0.0202;                 .            
[240,320),[0,10) 0.0278;    [190,240),[0,10) 0.0090;               .              [80,100),[0,10) 0.0302;                 .            
[240,320),[10,50) 0.0170;   [190,240),[10,50) 0.0063;              .              [80,100),[10,50) 0.0265;                .                  
[240,320),[50,150] 0.0084;  [190,240),[50,100] 0.0008;             .              [80,100),[50,100] 0.0258;               .                
[320,380],[-20,-5) 0.0104;  [240,290],[-20,-5) 0.0289;             .              [100,120],[-20,-5) 0.0192;              .                
[320,380],[-5,0) 0.0292;    [240,290],[-5,0) 0.0633;               .              [100,120],[-5,0) 0.0183;                .                 
[320,380],[0,10) 0.0295;    [240,290],[0,10) 0.0413;               .              [100,120],[0,10) 0.0195;                .                      
[320,380],[10,50) 0.0210;   [240,290],[10,50) 0.0314;              .              [100,120],[10,50) 0.0214;               .                    
[320,380],[50,150] 0.0082;  [240,290],[50,100] 0.0063;             .              [100,120],[50,100] 0.0274;              .                    

