  Relative Abundances - All Data 
            CG         GC          TA        AT         CC         AA          AC         AG         CA        GA       number   
Class      Y_1         Y_2        Y_3        Y_4        Y_5        Y_6         Y_7        Y_8        Y_9      Y_{10}     n_u     
  1     [98, 108]  [120, 126]  [69, 76]  [100, 109]  [92, 101]  [112, 125]  [83, 91]   [81, 96]  [110, 116]  [90, 100]    5   
  2     [59, 108]  [91, 107]   [51, 92]  [96,  99]   [86, 108]  [90, 103]   [98, 105]  [98, 104] [104, 118]  [95, 132]    2   
  3     [88, 125]  [88, 154]   [82, 91]  [85, 112]   [91, 116]  [97, 146]   [71, 108]  [66, 112] [96, 112]   [64, 107]    6    
  4     [80, 101]  [117, 133]  [68, 89]  [92, 97]    [97, 112]  [115, 123]  [85, 89]   [93, 98]  [98, 118]   [90, 95]     4   
  5     [81, 99]   [108, 129]  [76, 86]  [93, 95]    [93, 97]   [108, 118]  [80, 95]   [98, 118] [94, 111]   [97, 116]    3  
  6     [104,113]  [96, 102]   [67, 95]  [94, 99]    [83, 103]  [104, 111]  [91, 103]  [98, 100] [92, 106]   [105, 117]   3    
  7     [116,116]  [127, 127]  [76, 76]  [110, 110]  [90, 90]   [121, 121]  [89, 89]   [83, 83]  [111, 111]  [93, 93]     1     
  8     [123,123]  [129, 129]  [82, 82]  [114, 114]  [91, 91]   [122, 122]  [85, 85]   [82, 82]  [103, 103]  [93, 93]     1       
  9     [104,104]  [126, 126]  [65, 65]  [101, 101]  [96, 96]   [123, 123]  [76, 76]   [92, 92]  [108, 108]  [107, 107]   1     
 10     [109,109]  [117, 117]  [58, 58]  [111, 111]  [87, 87]   [114, 114]  [87, 87]   [99, 99]  [109, 109]  [108, 108]   1     
 11     [81, 81]   [120, 120]  [79, 79]  [83, 83]    [99, 99]   [119, 119]  [83, 83]   [115,115] [98, 98]    [105, 105]   1     
 12     [124,124]  [100, 100]  [45, 45]  [116, 116]  [81, 81]   [95, 95]    [111,111]  [83, 83]  [108,108]   [124, 124]   1     
 13     [76, 76]   [108, 108]  [89, 89]  [88, 88]    [109,109]  [112, 112]  [100,100]  [101,101] [109,109]   [89, 89]     1     
 14     [105,105]  [121, 121]  [64, 64]  [108,108]   [88, 88]   [115, 115]  [88, 88]   [93, 93]  [115,115]   [101, 101]   1     
