   Joint Histogram (Y_2, Y_3) -- Y_2 = arrival delay time in minutes, Y_3 = departure delay time in minutes
[a_{u2k},b_{u2k}) [a_{u3k},b_{u3k}) p_{uk_2k_3};  [a_{u2k},b_{u2k}) [a_{u3k},b_{u3k}) p_{uk_2k_3};  [a_{u2k},b_{u2k}) [a_{u3k},b_{u3k}) p_{uk_2k_3};  
                               [a_{u2k},b_{u2k}) [a_{u3k},b_{u3k}) p_{uk_2k_3};   [a_{u2k},b_{u2k})  [a_{u3k},b_{u3k})  p_{uk_2k_3};  
           u=1                      u=2                       u=3                       u=4                       u=5                           
[-40,-20),[-20,-8) 0.0277;  [-30,-5),[-20,-5) 0.1116;  [-50,-20),[-30,-5) 0.0469;  [-35,-15),[-18,-5) 0.0434;  [-30,-15),[-20,-5) 0.1011;  
[-40,-20),[-8, -1) 0.0328;  [-30,-5),[-5,0) 0.1373;    [-50,-20),[-5,0) 0.0343;    [-35,-15),[-5,0] 0.0443;  [-30,-15),[-5,0) 0.0912;  
[-40,-20),[-1,15] 0.0049;   [-30,-5),[0, 20] 0.0275;   [-50,-20),[0, 15) 0.0275;  [-15,10),[-18,-5) 0.1157;  [-30,-15),[0, 60] 0.0104;  
[-20,0),[-20,-8) 0.0595;  [-5,10),[-20,-5) 0.0920;  [-50,-20),[15,50] 0.0002;  [-15,10),[-5,0) 0.3409;  [-15,5),[-20,-5) 0.1101;  
[-20,0),[-8,-1) 0.1837;  [-5,10),[-5, 0) 0.1665;  [-20,0),[-30,-5) 0.0606;  [-15,10),[0,20) 0.1006;  [-15,5),[-5,0) 0.2935;   
[-20,0),[-1,15) 0.0718;  [-5,10),[0,20) 0.0815;  [-20,0),[-5,0) 0.1156;  [-15,10),[20,100] 0.0004;  [-15,5),[0,60] 0.1257;   
[-20,0),[15,60] 0.0029;  [-5,10),[20,50] 0.0009;  [-20,0),[0,15) 0.2191;  [10,35),[-18,-5) 0.0155;  [5,35),[-20,-5) 0.0163;      
[0,20),[-20,-8) 0.0273;  [10,30),[-20,-5) 0.0283; [-20,0),[15,50] 0.0107; [10,35),[-5,0) 0.0665;   [5,35),[-5,0) 0.0640;   
[0,20),[-8,-1) 0.0960;   [10,30),[-5, 0) 0.0702;  [0,30),[-30,-5) 0.0129; [10,35),[0,20) 0.0962;   [5,35),[0, 60] 0.1271;   
[0,20),[-1,15) 0.1171;   [10,30),[0, 20) 0.0920;  [0,30),[-5,0) 0.0447;  [10,35),[20,100] 0.0350;  [35,70],[-20,-5) 0.0021;   
[0,20),[15,60] 0.0457;   [10,30),[20,50] 0.0270;  [0,30),[0,15) 0.1714;   [35,85],[-18,-5) 0.0027; [35,70],[-5,0) 0.0071;       
[20,50),[-20,-8) 0.0037; [30,50],[-20,-5) 0.0052; [0,30)[15,50) 0.0787;   [35,85],[-5,0) 0.0066;   [35,70],[0,60] 0.0513;   
[20,50),[-8,-1) 0.0207;  [30,50],[-5,0) 0.0139;  [0,30),[50,150] 0.0014;  [35,85],[0,20) 0.0164;             .                  
[20,50),[-1,15) 0.0459;  [30,50],[0,20) 0.0371;  [30,80),[-30,-5) 0.0020; [35,85],[20,100] 0.1157;           .                     
[20,50),[15,60) 0.1007;  [30,50],[20,50] 0.1090; [30,80),[-5,0) 0.0025;              .                       .                           
[20,50),[60,150] 0.0027;            .            [30,80),[0,15) 0.0168;              .                       .                       
[50,75],[-20,-8) 0.0006;            .            [30,80),[15,50) 0.0463;             .                       .                    
[50,75],[-8,-1) 0.0037;             .            [30,80),[50,150] 0.0504;            .                       .                    
[50,75],[-1,15) 0.0076;             .            [80,150],[-5,0) 0.0004;             .                       .                    
[50,75],[15,60) 0.0515;             .            [80,150],[0, 15) 0.0023;            .                       .                    
[50,75],[60,150] 0.0937;            .            [80,150],[15,50) 0.0025;            .                       .                    
           .                        .            [80,150],[50,150] 0.0526;           .                       .                      
------------------------------------------------------------------------------------------------------------------------------------------
            u=6                        u=7                        u=8                        u=9                         u=10           
[-50,-20),[-18,-5) 0.0267; [-40,-20),[-20,-5) 0.0220; [-35,-15),[-15,-5) 0.0702; [-45,-20),[-20,-5) 0.0652;  [-50,-30),[-16,-5) 0.0135;   
[-50,-20),[-5, 0) 0.0331;  [-40,-20),[-5,0) 0.0314;   [-35,-15),[-5, 0) 0.0829;  [-45,-20),[-5, 0) 0.0318;  [-50,-30),[-5, 0) 0.0165;    
[-50,-20),[0, 10) 0.0145;  [-40,-20),[0, 10) 0.0107;  [-35,-15),[0, 40] 0.0056;  [-45,-20),[0,10] 0.0076;  [-50,-30),[0,10) 0.0165;    
[-50,-20),[10,50] 0.0008;  [-40,-20),[10,50] 0.0019;  [-15,5),[-15,-5) 0.1320;  [-20,0),[-20,-5) 0.1090;  [-50,-30),[10,30] 0.0015;   
[-20,10),[-18,-5) 0.0904;  [-20,0),[-20,-5) 0.0691;  [-15,5),[-5,0) 0.2528;  [-20,0),[-5,0) 0.1729;  [-30,0),[-16,-5) 0.0917;   
[-20,10),[-5, 0) 0.2129;   [-20,0),[-5, 0) 0.1601;   [-15,5),[0,40] 0.0829;  [-20,0),[0,10) 0.1043;  [-30,0),[-5, 0) 0.1398;   
[-20,10),[0, 10) 0.1545;   [-20,0),[0, 10) 0.1446;  [5,25),[-15,-5) 0.0520;  [-20,0),[10,50] 0.0176;  [-30,0),[0,10) 0.1023;    
[-20,10),[10,50) 0.0533;   [-20,0),[10,50] 0.0275;  [5,25),[-5,0) 0.0997;  [0,30),[-20,-5) 0.0230;  [-30,0),[10,30] 0.0361;   
[-20,10),[50,150] 0.0003;  [0,20),[-20,-5) 0.0199;  [5,25),[0,40] 0.0801;  [0,30),[-5,0) 0.0523;  [0,30),[-16,-5) 0.0496;     
[10,40),[-18,-5) 0.0147;   [0,20),[-5,0) 0.0627;   [25,60],[-15,-5) 0.0014;  [0,30),[0,10) 0.0828;  [0,30),[-5, 0)$ 0.1353;   
[10,40),[-5, 0) 0.0486;    [0,20),[0,10) 0.1224;   [25,60],[-5,0) 0.0154;  [0,30),[10,50) 0.1128;  [0,30),[0,10) 0.1564;   
[10,40),[0, 10) 0.0604;   [0,20),[10,50) 0.1310;   [25,60],[0,40] 0.1250;  [0,30),[50,100] 0.0013; [0,30),[10,30] 0.0827;   
[10,40),[10,50) 0.1069;   [0,20),[50,100] 0.0006;            .             [30,100],[-20,-5) 0.0028;  [30,60],[-16,-5) 0.0045;   
[10,40),[50,150] 0.0055;  [20,40],[-20,-5) 0.0023;           .             [30,100],[-5,0) 0.0057;  [30,60],[-5,0) 0.0226;    
[40,80),[-18,-5) 0.0025;  [20,40],[-5, 0) 0.0075;            .             [30,100],[0,10) 0.0101;  [30,60],[0,10) 0.0331;    
[40,80),[-5,0) 0.0068;    [20,40],[0, 10) 0.0275;            .             [30,100],[10,50) 0.0595;  [30,60],[10,30] 0.0977;   
[40,80),[0,10) 0.0074;    [20,40],[10,50) 0.1157;            .             [30,100],[50,100] 0.1414;           .                    
[40,80),[10,50) 0.0378;   [20,40],[50,100] 0.0430;           .                       .                         .                                
[40,80),[50,150] 0.0448;             .                       .                       .                         .                             
[80,150],[-18,-5) 0.0002;            .                       .                       .                         .                       
[80,150],[-5,0) 0.0013;              .                       .                       .                         .                       
[80,150],[0,10) 0.0019;              .                       .                       .                         .                       
[80,150],[10,50) 0.0077;             .                       .                       .                         .                       
[80,150],[50,150] 0.0670;            .                       .                       .                         .                       

