  China Temperatures: 
 u  Station            Y_1            Y_2           Y_3$           Y_4         Y_5          Y_6          Y_7     
 1  BoKeTu      [-23.4, -15.5]  [-24.0, -14]   [-17.6, -4.7]   [-4.5,9.5]   [1.9,15.2]   [9.3,23.0]   [12.9,23.0]   
 2  Hailaer     [-28.4, -19.1]  [-29.6, -18.1] [-20.2, -7.9]   [-2.9,10.0]  [3.8,16.5]   [12.5,24.2]  [14.7, 25.4]	
 3  LaSa        ]-8.4, 9.0]     [-3.5,11.2]    [-1.2,13.7]     [1.7,16.4]   [5.9,21.5]   [9.7,24.8]   [10.8,23.2]   
 4  KunMing     [2.8, 16.6]     [4.0, 19.4]    [6.7, 21.4]     [10.4,23.4]  [15.9,25.3]  [16.4,25.3]  [16.9,24.4]   
 5  TengChong   [2.3, 16.9]     [4.0, 18.9]    [6.4, 21.3]     [9.9,24.3]   [15.0,22.6]  [17.2,24.1]  [17.4,22.8]   
 6  WuZhou      [10.0, 17.7]    [9.1, 14.7]    [10.4, 16.2]    [15.8,23.9]  [22.2,30.3]  [23.9,34.3]  [24.2,33.8]    
 7  GuangZhou   [12.2, 20.6]    [11.4, 17.7]   [12.7, 17.9]    [17.4,24.3]  [24.2,30.3]  [25.1,32.8]  [25.3,33.6]    
 8  NanNing     [11.5, 17.7]    [10.3, 14.3]   [12.1, 17.3]    [17.8,24.2]  [23.8,30.7]  [24.9,33.2]  [25.8,33.5]   
 9  ShanTou     [11.8, 19.2]    [12.2, 17.7]   [12.7, 17.8]    [16.4,22.7]  [22.5,28.1]  [24.9,31.5]  [25.6,32.6]   
10  HaiKou      [17.3, 23.0]    [17.3, 23.0]   [17.1, 23.7]    [19.9,25.9]  [25.3,33.4]  [25.5,33.2]  [25.8,34.0]   
11  ZhanJiang   [15.8, 21.5]    [14.6, 19.4]   [14.4, 18.8]    [19.2,24.2]  [26.0,31.7]  [26.2,32.3]  [27.1,33.0]    
12  MuDanJiang  [-18.4,-7.5]    [-19.2,-7.3]   [-10.7,2.4]     [-0.1,13.2]  [6.8,18.5]   [13.7,26.1]  [17.0,26.5]   
13  HaErBin	    [-20.0,-9.6]    [-22.3,-10.0]  [-10.8, 1.7]    [0.2,11.9]   [7.5,19.0]   [14.6,27.3]  [17.8,27.2]    
14  QiQiHaEr    [-22.7,-11.5]   [-21.1, -9.6]  [-11.5, 0.7]    [0.6,13.8]   [7.8,18.9]   [16.7,27.4]  [19.1,26.5]   
15  NenJiang    [-27.9,-16.0]   [-27.7,-12.9]  [-16.5,-3.4]    [-1.5,12.0]  [4.5,17.5]   [13.7,26.7]  [16.1,25.0]      

 u  Station         Y_8           Y_9         Y_{10}         Y_{11}       Y_{12}      Y_{13}    
 1  BoKeTu      [10.8,23.6]    [4.1,17.0]   [-4.0,8.9]   [-13.5,-4.2]  [-13.1,14.78]  14.78    
 2  Hailaer     [13.7,24.8]    [5.3,17.6]   [-3.2,9.8]   [-13.8,-3.7]  [-26.0,-17.2]  12.26   
 3  LaSa        [10.2,20.8]    [7.7,19.9] 	[1.4,18.7]   [-4.9,11.4]   [-7.5, 8.8]    73.16      
 4  KunMing     [16.6,23.8]    [14.0,21.7]  [12.4,19.7]  [7.4,16.3]    [3.8, 15.5]    37.82   
 5  TengChong   [17.4, 22.5]   [16.3,23.2]  [14.5,23.5]  [9.4,20.0]    [4.7, 17.8]    32.96   
 6  WuZhou      [23.4,32.1]    [22.3,31.8]  [19.2,27.6]  [12.4,23.2]   [9.8, 21.6]     2.38     
 7  GuangZhou   [25.0,31.9]    [24.1,31.4]  [21.0,28.5]  [14.2,23.4]   [10.9, 22.2]    0.14    
 8  NanNing     [25.1,31.9]    [24.2,31.5]  [20.3,26.9]  [14.8,24.3]   [12.4, 22.4]    1.44   
 9  ShanTou     [24.9,30.8]    [23.8,30.0]  [20.4,27.3]  [13.9,22.6]   [10.0, 19.7]    0.02    
10  HaiKou      [25.0,32.6]    [25.1,31.5]  [23.0,26.7]  [18.6,22.6]   [16.3, 21.6]    0.28    
11  ZhanJiang   [25.6,31.1]    [25.7,31.9]  [22.0,27.2]  [16.1,23.2]   [14.5, 21.8]    0.5    
12  MuDanJiang  [18.9,28.4]    [10.3,21.4]  [0.6,13.1]   [-8.9,1.5]    [-18.9,-7.8]    4.82    
13  HaErBin	    [17.7,26.3]    [8.9,20.8]   [-0.2,12.5]  [-9.6,0.4]    [-21.6,-10.1]   3.44    
14  QiQiHaEr    [19.1,26.9]    [10.5,19.8]  [1.9,12.2]   [-9.0,0.2]    [-17.8, -9.1]   2.92    
15  NenJiang    [14.5,26.0]    [6.9,19.2]   [-2.6,10.9]  [-14.4,-3.6]  [-26.1,-13.8]   4.84   









