
      Table 2.1 Medical Health Dempgraphics  

 Variable Identifications (from Table 2.1b)

 Description: Range 
 Y1 = City/Town of Residence 
 Y2 = Type: Dental(D), Medical(M), Optical(O) 
 Y3 = Age (in years): >= 0 
 Y4 = Gender: Male (M), Female (F) 
 Y5 = Marital Status: Single (S), Married (M) 
 Y6 = Number of Parents Alive: 0, 1, 2
 Y7 = Number of Siblings: 0, 1, ... 
 Y8 = Number of Children: 0, 1, ... 
 Y9 = Weight (in pounds): > 0 
 Y10 = Pulse Rate: > 0
 Y11 = Systolic Blood Pressure: > 0
 Y12 = Diastolic Blood Pressure: > 0
 Y13 = Cholesterol Total: > 0
 Y14 = HDL Cholesterol Level: > 0
 Y15 = LDL Cholesterol Level: > 0 
 Y16 = Ratio = Cholesterol Total/HDL Level: > 0 
 Y17 = Triglyceride Level: > 0 
 Y18 = Glucose Level: > 0 
 Y19 = Urea Level: > 0 
 Y20 = Creatinine Level: > 0 
 Y21 = Ratio = Urea/Creatinine: > 0 
 Y22 = ALT Level: > 0 
 Y23 = White Blood Cell Measure: > 0 
 Y24 = Red Blood Cell Measure: > 0 
 Y25 = Hemoglobin Level: > 0 
 Y26 = Hemocrit Level: > 0 
 Y27 = Thyroid TSH: > 0 
 Y28 = Cancer Diagnosed: Yes (Y), No (N) 
 Y29 = Breast Cancer # Treaatments: 0, 1, ..., Not applicable (N)
 Y30 = Lung Cancer # Treatments: 0, 1, ... 


 input i Y1 $ Y2 $ Y3 Y4 $ 



 1 Boston M 24 M S 2 2 0 165 68 120 79 183  83  86 2.21  88  92 16 1.4 12 21  6.9 5.2
     14.2 43.6 2.32 n n 0 
 2 Boston M 56 M M 1 2 2 186 84 130 90 164  64  60 2.55  69 101 16 0.8 20 21  7.0 4.6 
     13.5 39.9 2.44 n n 1 
 3 Chicago D 48 M M 1 3 2 175 73 126 82 229 109 122 2.10 114 80 17 1.4 13 24 7.7 4.9 
     14.1 44.2 2.73 y n 1  
 4 ElPaso M 47 F M 0 1 1 141 78 121 86 239 69 74 3.45 44 90 15 1.1 14 20 6.7 4.6 
     13.9 40.7 2.17 y 0 0  
 5 Byron D 70 F M 0 3 4 152 84 150 88 187 67 64 2.79 72 103 18 0.9 20 27 7.3 4.8 
     11.6 36.1 3.05 n 0 0  
 6 Concord M 12 M S 2 1 0  73 69 126 85 109 98 107 1.11 105 108 14 0.8 18 17 6.2 4.3 
     12.2 36.0 1.79 n 0 0  
 7 Atlanta M 67 F M 1 6 0 166 81 134 89 190 90 96 2.12 95 91 17 1.0 17 24 7.2 4.6 
     13.4 42.3 2.65 y 6 0 
 8 Boston O 73 F M 0 2 4 164 77 121 81 181 81 84 2.24 86 112 19 0.9 22 29 8.0 4.0 
     14.9 43.6 3.32 n 0 0 
 9 Lindfield D 29 M M 2 0 2 227 62 124 81 214 94 101 2.28 99 89 18 1.0 18 27 7.8 4.7 
     15.0 43.4 3.13 n 0 0 
10 Lindfield D 44 M M 1 3 3 216 71 125 79 218 98 107 2.23 103 83 18 1.0 18 27 7.8 4.5 
     12.4 37.1 3.12 y n 2 
11 Boston D 54 M S 1 5 0 213 57 118 88 189 69 66 2.75 74 100 28 0.3 90 53 11.5 4.3 
     14.8 42.6 6.32 n n 0 
12 Chicago M 12 F S 2 2 0 75 69 115 81 153 54 45 2.83 58 119 20 1.0 19 31 8.3 4.4 
     14.3 40.7 3.59 n 0 0  
13 Macon M 73 F M 0 3 1 152 58 123 82 188 87 93 2.15 93 69 16 1.2 13 21 6.9 4.6 
     12.9 37.1 2.35 n 0 0  
14 Boston D 48 M M 0 2 4 206 73 113 72 264 72 62 3.69 49 91 14 1.2 11 16 6.1 5.0  
     12.9 40.5 1.67 n n 0  
15 Peoira O 79 F M 0 3 3 153 72 106 78 118 40 35 2.95 23 82 19 0.9 20 30 8.1 4.1 
     13.6 43.3 3.40 n 0 0    
16 Concord D 20 M S 2 0 1 268 79 123 80 205 85 89 2.40 90 71 19 1.3 14 28 7.9 4.2 
     13.5 39.4 3.21 n n 0  
17 Boston D 20 F S 2 4 0 157 75 116 87 180 60 52 3.01 65 101 17 1.0 16 23 7.2 5.1 
     13.0 40.8 2.61 n 0 0   
18 Chicago D 17 M S 2 2 0 161 69 114 78 169 49 39 3.45 54 96 17 1.0 16 23 7.2 4.2  
     13.1 40.7 2.61 n n 0  
19 Stowe D 31 M M 1 3 2 183 81 118 84 185 66 62 2.82 71 146 18 0.7 24 28 7.8 4.8 
     13.2 38.2 3.14 n n 0   
20 Tara M 83 M M 0 3 1 128 80 108 80 224 48 65 4.66 38 111 15 1.0 14 18 6.4 4.7  
     13.6 41.7 1.94 y n 3   
21 Akron M 20 M S 1 3 0 182 68 114 76 150 51 40 2.94 55 58 13 1.2 11 14 5.8 4.0 
     13.7 40.7 1.43 n n 0  
22 Detroit M 85 F M 0 3 2 161 73 122 76 185 83 89 2.19 90 96 8 0.9 10 17 3.9 4.2 
     13.1 36.8 7.19 n 0 0   
23 Ila  D 66 F S 0 4 3 166 66 126 87 218 98 108 2.22 103 85 18 1.4 13 26 7.6 4.2 
     13.4 38.0 2.98 n 4 0  
24 Marion M 6 M S 2 1 0 35 72 114 76 136 52 28 2.60 41 96 16 1.2 13 20 6.8 4.5  
     15.4 45.2 2.25 n n 0   
25 Albany M 24 M M 2 1 1 177 81 111 82 149 51 39 2.96 55 72 19 0.8 24 30 8.2 3.8 
     14.6 45.4 3.48 n n 0   
26 Salem D 76 M M 0 5 2 192 77 115 73 173 53 44 3.27 58 97 17 1.3 13 23 7.2 4.6  
     12.4 37.1 2.60 n n 0  
27 Quincy O 57 M S 1 3 2 159 72 114 75 234 131 157 1.78 139 88 17 0.8 22 24 7.2 5.0 
     13.0 37.5 2.65 n n 0  
28 Yuma M 11 F S 2 2 0 73 62 118 80 96 56 43 1.71 56 136 20 0.8 25 31 7.4 4.6 
     13.6 41.0 3.59 n 0 0   
29 Fargo M 27 F M 2 2 1 124 70 114 72 167 67 63 2.49 72 104 13 0.7 20 15 5.9 4.7 
     13.7 41.4 1.53 n 0 0   
30 Reno D 43 F M 2 4 4 148 66 135 97 172 52 43 3.31 57 82 17 0.8 21 25 8.3 4.2  
     11.7 34.0 2.83 y 3 0  
31 Amherst M 43 F S 1 0 3 165 65 135 96 236 134 161 1.76 141 102 9 1.0 9 4 7.0 4.6 
     11.2 33.9 2.18 n 1 0   
32 Boston M 14 M S 2 1 0 132 66 125 87 149 51 39 2.96 54 120 20 1.1 18 32 8.4 5.3 
     12.1 38.7 3.67 n n 0  
33 NewHaven D 29 F M 1 0 1 153 70 133 92 217 97 106 2.23 102 99 25 1.1 23 45 10.3 4.6 
     14.3 41.4 5.29 n 0 0   
34 Kent M 84 M M 0 4 1 239 85 114 75 229 126 150 1.81 134 113 9 1.1 8 4 4.3 4.8  
     12.3 37.6 2.43 y n 5  
35 Shelton M 52 M M 0 4 1 206 63 125 86 236 134 161 1.77 14 114 16 1.2 13 22 4.4 4.4  
     12.9 37.0 0.15 n n 0  
36 Atlanta O 86 M M 0 3 3 184 72 114 72 152 53 42 2.88 57 92 18 1.2 15 27 6.6 4.2  
     15.7 49.9 3.11 n n 0  
37 Medford M 23 F S 2 1 0 138 71 125 85 197 96 105 2.05 102 70 20 1.4 15 33 8.6 4.1 
     14.4 40.7 3.78 n 0 0   
38 Bangor M 51 M M 2 2 2 172 81 119 78 172 73 71 2.38 77 105 17 1.3 13 23 7.2 4.8 
     13.5 39.3 2.60 n n 0   
39 Boston M 70 M M 1 6 3 183 75 114 74 151 52 42 2.90 56 79 14 0.7 21 17 6.3 5.2 
     12.3 36.5 1.86 y n 2   
40 Barry M 65 M M 0 4 2 191 84 120 80 175 75 75 2.34 80 139 21 1.3 16 34 8.8 4.5 
     14.6 43.8 3.97 n n 0   
41 Trenton M 82 M M 0 3 4 201 79 123 84 188 87 93 2.15 93 111 18 0.8 21 26 7.5 4.6 
     14.5 44.6 2.91 n n 0   
42 Concord M 60 M S 0 4 0 175 74 117 76 163 63 58 2.58 68 112 12 1.2 9 10 5.2 4.7 
     13.4 38.7 0.91 n n 0   
43 Chicago M 48 M M 1 4 1 187 88 132 98 182 82 86 2.23 87 95 18 0.8 23 27 7.8 4.3 
     12.4 37.3 3.13 n n 0    
44 Omaha M 29 M M 1 1 1 166 59 122 82 178 78 79 2.29 83 77 22 1.5 15 38 9.3 4.3 
     13.5 38.9 4.43 n n 0   
45 Tampa M 21 F M 2 2 1 124 72 119 79 169 70 67 2.43 74 103 14 1.0 14 15 6.0 4.9 
     13.5 43.1 1.60 n 0 0   
46 Lynn M 81 F M 0 5 3 161 79 128 89 210 109 124 1.93 115 86 15 0.6 23 19 7.8 4.5  
     11.3 32.9 2.06 y 3 0   
47 Quincy D 70 F M 0 3 2 178 72 119 78 230 110 124 2.09 115 87 12 1.2 10 10 5.3 4.4 
     12.5 39.1 8.88 y 1 1   
48 Wells M 27 F M 2 0 0 113 77 121 80 179 79 80 2.27 84 101 6 1.0 6 8 3.1 4.2 
     14.6 40.9 2.99 n 0 0   
49 Buffalo M 56 F M 2 4 1 129 76 119 81 172 72 71 2.38 77 99 14 1.4 10 16 6.1 4.7 
     13.9 40.3 1.69 n 0 0   
50 Quincy M 64 M S 1 2 0 194 81 128 89 210 109 124 1.93 115 88 19 1.1 17 28 7.9 5.0 
     15.3 49.1 3.23 n n 0   
51 Boston M 87 F M 0 5 2 157 88 128 88 171 71 70 2.40 76 87 19 1.0 19 28 7.9 4.6 
     13.9 44.4 7.14 n 0 0  
