
          Table 4.14 Hematocrit by gender age groups

	Variables:
	    Gender: Female, Male
		Age (groups): 20s, 30s, 40s, 50s, 60s, 70s, 80+
		Y = Cholesterol, histogram-valued, {[ak, bk), pk; k=1,...,s}

	input u gender $ Age a1 b1 p1 a2 b2 p2 a3 b3 p3 a4 b4 p4 a5 b5 p5 
                    a6 b6 p6 a7 b7 p7 a8 b8 p8 a9 b9 p9 a10 b10 p10

		      -------------------------------------



  1 Female 20 35.0 37.5 .025 37.5 39.0 .075 39.0 40.5 .188 40.5 42.0 .387 42.0 45.5 .287 
              45.5 47.0 .038 47.0 48.0 0 48.0 48.5 0 48.5 49.0 0 49.0 50.0 0 
  2 Female 30 31.0 33.0 .046 33.0 35.0 .171 35.0 36.5 .295 36.5 38.0 .243 38.0 39.5 .170
              39.5 41.0 .072 41.0 44.0 .003 44.0 48.5 0 48.5 49.0 0 49.0 50.0 0
  3 Female 40 31.0 33.0 .049 33.0 35.0 .203 35.0 36.5 .223 36.5 38.0 .241 38.0 39.5 .209 
              39.5 41.0 .069 41.0 43.5 .006 43.5 48.5 0 48.5 49.0 0 49.0 51.0 0
  4 Female 50 31.0 32.0 .011 32.0 33.5 .066 33.5 35.0 .194 35.0 36.5 .231 36.5 38.0 .248 
              38.0 39.5 .168 39.5 41.0 .068 41.0 42.5 .014 42.5 48.5 0 48.5 49.0 0 
  5 Female 60 31.0 33.0 .037 33.0 34.5 .178 34.5 36.0 .215 36.0 37.5 .247 37.5 38.0 .101
              38.0 39.5 .182 39.5 41.0 .028 41.0 42.5 .012 42.5 48.5 0 48.5 49.0 0   
  6 Female 70 31.0 32.5 .011 32.5 34.0 .089 34.0 35.5 .200 35.5 37.0 .272 37.0 38.5 .228 
              38.5 40.0 .122 40.0 41.5 .072 41.5 43.5 .006 43.5 48.5 0 48.5 49.0 0 
  7 Female 80 31.0 32.5 .018 32.5 34.0 .107 34.0 35.5 .195 35.5 37.0 .302 37.0 38.5 .189 
              38.5 40.0 .136 40.0 41.5 .041 41.5 43.0 .012 43.0 48.5 0 48.5 49.0 0 
  8 Male   20 37.5 39.0 .214 39.0 40.5 .286 40.5 42.0 .286 42.0 43.5 .214 43.5 44.0 0 
              44.0 44.5 0 44.5 46.0 0 46.0 47.0 0 47.0 48.0 0 48.0 49.0 0 
  9 Male   30 30.0 32.0 .022 32.0 33.5 .111 33.5 35.0 .178 35.0 36.5 .311 36.5 38.0 .222
              38.0 39.5 .111 39.5 41.0 .045 41.0 47.0 0 47.0 48.0 0 48.0 49.0 0 
 10 Male   40 30.0 32.0 .018 32.0 33.5 .109 33.5 35.0 .073 35.0 36.5 .327 36.5 38.0 .218 
              38.0 39.5 .164 39.5 41.0 .091 41.0 44.5 0 44.5 46.0 0 46.0 47.0 0 
 11 Male   50 33.5 35.0 .215 35.0 36.5 .294 36.5 38.0 .255 38.0 39.5 .118 39.5 41.0 .098 
              41.0 42.0 .020 42.0 43.0 0 43.0 47.0 0 47.0 48.0 0 48.0 49.0 0 
 12 Male   60 32.0 33.5 .125 33.5 35.0 .208 35.0 36.5 .375 36.5 38.0 .125 38.0 39.5 .125 
              39.5 41.0 .042 41.0 41.0 0 41.5 47.0 0 47.0 48.0 0 48.0 49.0 0  
 13 Male   70 32.0 33.5 .158 33.5 35.0 .263 35.0 36.5 .263 36.5 38.0 .053 38.0 39.5 .263 
              39.0 40.0 0 40.0 43.0 0 43.0 47.0 0 47.0 48.0 0 48.0 49.0 0 
 14 Male   80 33.5 35.5 .133 35.5 37.5 .267 37.5 39.5 .267 39.5 41.5 .133 41.5 43.0 .200
              43.0 44.5 0 44.5 46.0 0 46.0 47.0 0 47.0 48.0 0 48.0 49.0 0       

 

     
