
           Table 3.12 Hospital data

	 Y = Costs, histogram-valued variable, {[ak, bk), pk; k=1,...s}

	input u a1 b1 p1 a2 b2 p2 a3 b3 p3 a4 b4 p4 a5 b5 p5 
	      a6 b6 p6 a7 b7 p7 a8 b8 p8 a9 b9 p9 a10 b10 p10
  
	      ----------------------------

1 130 140 .006 140 150 .043 150 160 .100 160 170 .187
170 180 .255 180 190 .237 190 200 .118 200 210 .042
210 220 .012 220 230 0 

2 139 153 .010 153 167 .044 167 181 .224 181 195 .355
195 209 .242 209 223 .105 223 237 .016 237 251 .004
251 260 0 260 270 0 

3 145 155 .006 155 165 .018 165 175 .054 175 185 .163
185 195 .244 195 205 .263 205 215 .163 215 225 .069
225 235 .018 235 245 .002

4 150 165 .011 165 180 .084 180 195 .282 195 210 .375
210 225 .196 225 240 .046 240 255 .006 255 279 0
279 286 0  286 299 0

5 165 180 .036 180 195 .198 195 210 .387 210 225 .269
225 240 .077 240 255 .024 255 270 .009 270 280 0 
280 290 0 290 300 0

6 155 170 .001 170 185 .030 185 200 .226 200 215 .337
215 230 .304 230 245 .086 245 260 .010 260 275 .005
275 290 .001 290 310 0

7 175 185 .019 185 195 .062 195 205 .144 205 215 .256
215 225 .257 225 235 .156 235 245 .081 245 255 .019
255 265 .006 265 275 0

8 180 200 .055 200 215 .252 215 230 .345 230 245 .272
245 260 .065 260 275 .010 275 290 .001 290 310 0
310 320 0 320 330 0

9 175 190 .007 190 205 .083 205 220 .289 220 235 .362
235 250 .194 250 265 .055 265 280 .010 280 290 0
290 305 0 305 315 0

10 180 195 .008 195 210 .075 210 225 .290 225 240 .356
240 255 .225 255 270 .044 270 285 .002 285 295 0
295 310 0 310 320 0

11 195 210 .009 210 225 .169 225 240 .384 240 255 .313
255 270 .102 270 285 .021 285 300 .002 300 310 0
310 320 0 320 330 0

12 192 204 .006 204 216 .037 216 228 .138 228 240 .288
240 252 .275 252 264 .182 264 276 .063 276 288 .011 
288 300 0 300 312 0

13 190 205 .006 205 220 .021 220 235 .187 235 250 .327
250 265 .318 265 280 .102 280 295 .034 295 310 .005
310 320 0 320 330 0

14 205 220 .009 220 235 .111 235 250 .333 250 265 .345
265 280 .178 280 295 .019 295 310 .005 310 325 0
325 340 0 340 350 0

15 220 235 .027 235 250 .187 250 265 .345 265 280 .327
280 295 .094 295 310 .018 310 325 .002 325 340 0
340 350 0 350 365 0

 
  
