

             Table 2.3 Credit card dataset

	 Variables: Name Month Food Social Travel Gas Clothes

  input i name month food social travel gas clothes

           -------------------------

     1   Jon     February     23.65   14.56  218.02   16.79   45.61
     2   Leigh   May          28.47    8.99  141.60   21.74   86.04
     3   Leigh   July         30.86    9.55  193.14   24.26   95.68
     4   Tom     July         24.13   15.97  190.40   35.71   20.02
     5   Jon     April        23.40   11.61  179.38   23.73   48.89
     6   Jon     November     23.11   16.71  178.78   20.55   47.96
     7   Leigh   September    32.14   12.34  165.65   17.62   66.40
     8   Leigh   August       25.92   20.78  201.18   32.97   70.96
     9   Leigh   November     31.52   16.62  177.50   20.95   71.18
    10   Jon     November     23.11   14.41  179.86   20.53   51.49
    11   Jon     November     22.80   11.35  184.55   20.94   50.36
    12   Leigh   September    32.83   13.93  158.65   17.04   69.41
    13   Leigh   November     31.13   12.82  179.57   20.67   69.01
    14   Tom     August       23.01   13.20  220.52   29.44   18.09
    15   Jon     December     21.09    9.90  180.66   22.95   47.87
    16   Leigh   August       30.90   13.29  202.22   32.29   68.71
    17   Leigh   December     37.36   15.63  184.22   20.32   71.74
    18   Tom     April        24.25   15.71  149.01   30.68   21.75
    19   Tom     April        21.83   14.95  154.43   30.48   21.09
    20   Jon     January      25.94   12.38  197.90   20.06   47.09
    21   Leigh   June         25.30   15.49  142.40   26.54   68.98
    22   Tom     July         23.97   18.25  196.68   36.32   21.61
    23   Tom     July         24.41   17.52  193.79   31.89   18.70
    24   Jon     January      26.56   15.92  202.06   22.90   45.66
    25   Jon     September    22.99   14.08  158.11   23.01   47.74
    26   Leigh   January      30.21   15.17  200.51   20.91   67.27
    27   Jon     January      22.41   11.54  200.74   20.57   53.02
    28   Jon     January      29.13   13.80  204.18   21.93   51.69
    29   Leigh   July         32.37   18.81  193.44   26.78  100.48
    30   Leigh   March        33.89   17.41  190.31   21.41   72.48
    31   Leigh   July         32.16   17.05  187.53   24.44   99.80
    32   Jon     October      19.17   11.06  180.50   22.00   53.15
    33   Leigh   January      25.73   11.48  201.39   18.27   71.44
    34   Tom     September    25.37   13.16  200.01   26.41   25.63
    35   Jon     June         28.62   13.28  142.58   16.50   49.52
    36   Leigh   May          30.14   14.16  143.01   18.00   86.93
    37   Leigh   August       30.98   16.29  198.10   32.10   69.07
    38   Jon     February     25.41   14.91  218.14   16.78   49.48
    39   Jon     August       21.27   13.23  194.11   26.44   48.40
    40   Leigh   July         34.84   15.49  191.26   23.78  103.64
    41   Leigh   July         32.87   17.07  193.53   28.62  101.96
    42   Leigh   September    34.65   14.23  162.08   16.56   69.57
    43   Leigh   August       28.28   16.50  203.02   31.53   72.50
    44   Jon     December     22.16   16.32  182.76   18.95   49.46
    45   Leigh   May          23.29   12.66  139.53   21.46   91.54
    46   Tom     September    19.88   18.03  198.42   31.60   18.76
    47   Tom     May          22.82   10.59  150.97   27.98   19.84
    48   Jon     August       17.76   18.14  202.07   26.60   50.38
    49   Tom     May          20.71   13.19  148.38   31.06   15.06
    50   Jon     November     26.05   19.03  183.29   15.90   55.07
    51   Jon     January      24.10    9.86  199.57   18.17   48.34
    52   Jon     February     22.87   13.63  217.43   20.44   52.03
    53   Jon     August       16.60   20.78  198.21   28.75   49.22
    54   Tom     August       29.52   15.64  224.83   27.98   18.00
    55   Jon     July         19.77   14.32  192.99   24.51   78.82
    56   Leigh   May          21.37   15.03  139.17   17.49   90.97
    57   Jon     June         28.12   14.46  138.76   19.29   40.91
    58   Jon     May          26.47    8.60  138.28   24.05   71.80
    59   Leigh   August       30.22   17.31  204.38   28.61   72.67
    60   Leigh   November     32.68   17.39  179.49   17.03   69.05
    61   Jon     March        23.58   15.98  188.24   18.34   46.84
    62   Tom     January      26.06   16.22  198.61   32.28   21.65
    63   Leigh   September    36.12    9.82  162.16   20.31   67.96
    64   Tom     March        24.36   12.63  201.11   33.02   17.78
    65   Jon     October      27.68   16.80  173.84   18.43   52.27
    66   Tom     September    19.39    8.02  200.09   28.36   17.52
    67   Tom     January      27.34   13.16  198.45   27.08   20.38
    68   Jon     January      22.18   12.24  200.21   21.14   50.70
    69   Tom     August       25.00   14.83  219.91   29.94   20.91
    70   Leigh   October      33.82   11.48  179.93   22.75   72.21
    71   Jon     October      20.31   15.94  182.06   20.74   51.18
    72   Tom     August       27.79   19.22  214.25   34.40   14.94
    73   Leigh   May          23.22   15.84  145.88   21.76   93.79
    74   Leigh   September    34.48   11.85  151.78   21.11   69.75
    75   Leigh   January      29.04   14.13  202.65   21.77   69.84
    76   Jon     December     25.77   12.07  178.87   21.82   54.98
    77   Jon     October      25.58   11.32  181.31   22.11   54.89
    78   Leigh   October      31.33   19.45  182.95   22.64   69.34
    79   Jon     May          22.30   10.46  143.50   19.06   72.84
    80   Leigh   February     37.45   16.55  227.23   21.29   78.43
    81   Tom     February     26.00   12.69  198.89   25.43   21.65
    82   Jon     November     22.95   11.97  181.55   22.80   49.81
    83   Tom     April        24.10   10.72  152.33   32.88   19.80
    84   Jon     January      24.78   12.74  201.31   21.63   44.88
    85   Jon     June         23.91   15.42  135.63   24.64   54.78
    86   Jon     September    30.00   12.82  158.27   23.15   50.46
    87   Leigh   August       30.27   15.94  201.38   34.30   72.89
    88   Tom     November     23.46   16.23  203.71   27.75   25.21
    89   Leigh   August       29.28   13.32  202.45   30.02   69.66
    90   Leigh   June         26.60    9.82  141.59   26.52   76.09
    91   Tom     January      25.77   18.31  199.10   26.97   16.67
    92   Leigh   October      33.35   15.31  180.55   26.17   68.14
    93   Tom     October      25.27   12.37  203.55   31.22   19.96
    94   Jon     January      21.78   17.67  200.27   20.90   48.15
    95   Jon     May          28.48   16.20  137.77   13.97   69.53
    96   Leigh   May          24.91   12.44  142.61   18.82   88.57
    97   Leigh   April        21.46    8.93  192.24   21.26   70.29
    98   Leigh   May          21.39   11.11  139.91   21.94   91.54
    99   Tom     March        22.34   10.96  200.20   32.08   23.58
   100   Jon     December     20.15   11.70  180.94   18.90   49.03
   101   Tom     March        27.13   12.54  196.86   34.35   20.28
   102   Tom     July         27.93   14.82  192.61   33.64   22.79
   103   Tom     March        28.93   18.07  196.38   29.50   16.95
   104   Leigh   April        22.81    5.30  187.63   20.18   71.15
   105   Leigh   December     35.37   11.54  181.09   19.55   71.53
   106   Leigh   August       28.50   14.22  203.17   32.63   70.28
   107   Tom     April        22.50    9.46  149.92   27.77   21.18
   108   Tom     December     20.04   11.41  218.89   26.55   20.84
   109   Leigh   February     35.79   14.57  223.35   21.18   82.56
   110   Jon     August       20.53   18.67  200.00   27.74   51.17
   111   Leigh   June         24.12   11.73  144.66   25.96   69.00
   112   Tom     February     26.16   14.72  200.18   31.98   20.73
   113   Jon     May          23.44   10.55  141.62   20.16   65.64
   114   Jon     February     23.16   13.27  221.45   20.00   49.54
   115   Leigh   January      27.67   13.63  205.15   20.93   69.04
   116   Jon     September    27.89   15.88  168.83   18.87   50.14
   117   Jon     May          23.69   14.95  146.96   21.84   69.54
   118   Jon     April        25.41    8.33  177.05   17.59   45.52
   119   Jon     December     22.37   17.00  174.90   19.71   55.10
   120   Leigh   March        37.88   11.41  189.17   25.07   63.25
   121   Leigh   August       24.73   13.53  198.91   32.03   68.30
   122   Jon     October      27.78   15.75  179.80   19.39   49.89
   123   Leigh   March        37.04   16.63  190.67   20.75   69.89
   124   Jon     January      25.53   14.34  197.26   24.42   51.37
   125   Tom     December     25.11   16.25  214.97   28.20   17.97
   126   Leigh   August       28.41    9.32  202.24   27.62   74.91
   127   Leigh   February     33.57   18.57  219.40   18.81   83.01
   128   Jon     November     20.34   14.74  176.93   19.88   50.60
   129   Leigh   March        37.88   15.52  179.97   23.56   73.54
   130   Jon     June         25.70   15.90  142.27   17.89   53.89
   131   Tom     May          22.09   13.21  148.36   29.58   25.64
   132   Leigh   February     37.11   16.19  223.98   22.82   75.69
   133   Leigh   May          27.69   10.33  142.39   21.68   89.74
   134   Leigh   September    33.88   13.73  160.03   20.00   67.88
   135   Tom     January      23.40   10.21  194.42   33.56   19.59
   136   Tom     September    19.70   10.44  202.79   30.11   25.44
   137   Leigh   October      31.12   10.95  177.86   25.15   68.44
   138   Jon     December     24.34   13.90  181.44   20.53   49.22
   139   Leigh   May          24.39   12.51  137.55   18.02   89.53
   140   Jon     July         23.05   14.71  188.00   26.03   83.05
   141   Tom     May          20.12   11.74  154.35   32.83   23.44
   142   Jon     March        25.58   17.58  187.15   23.99   51.22
   143   Leigh   February     34.97   15.88  225.74   17.39   71.63
   144   Leigh   December     31.39   11.76  179.36   19.85   70.99
   145   Tom     April        22.11   12.94  146.53   29.05   18.55
   146   Jon     September    25.06   17.57  155.73   18.66   48.08
   147   Tom     August       25.89   10.65  223.36   31.50   21.46
   148   Leigh   February     37.59   14.83  216.39   19.86   76.99
   149   Jon     August       21.48   17.47  197.88   30.38   43.00
   150   Jon     October      26.81   15.43  179.19   20.64   50.30
   151   Jon     February     24.57   16.44  222.55   19.83   48.54
   152   Leigh   December     27.81   13.60  173.93   22.46   71.31
   153   Jon     November     28.85   13.54  181.29   21.78   49.90
   154   Leigh   May          28.11   13.86  133.01   17.28   91.94
   155   Leigh   July         29.62   15.57  184.21   27.46  100.19
   156   Leigh   July         28.32   13.72  194.37   24.60  102.39
   157   Leigh   February     36.37   20.40  216.59   17.55   81.55
   158   Leigh   July         29.99   15.18  190.08   20.93  105.72
   159   Leigh   August       29.97   16.30  194.85   30.51   66.85
   160   Leigh   September    33.79   14.93  163.39   16.98   64.54
   161   Jon     September    26.24   16.36  164.25   17.10   52.76
   162   Jon     November     20.19   13.12  181.04   19.15   53.45
   163   Leigh   May          25.29   18.03  144.79   19.22   90.43
   164   Jon     April        22.55   11.58  185.75   13.83   47.27
   165   Leigh   May          29.76   13.06  140.90   22.05   87.63
   166   Leigh   June         23.47   14.27  135.86   23.45   72.68
   167   Leigh   March        32.24   15.54  190.04   22.38   69.16
   168   Leigh   April        23.60    4.64  187.64   17.95   71.36
   169   Jon     May          26.60    8.24  132.71   18.35   72.49
   170   Jon     September    23.84   16.39  157.40   19.58   50.40
   171   Leigh   February     36.38   24.44  225.33   16.71   81.34
   172   Tom     May          21.73   13.00  142.19   27.77   19.50
   173   Leigh   February     36.92   13.61  219.54   20.67   80.48
   174   Tom     July         28.02   10.69  181.08   35.89   22.08
   175   Leigh   December     29.93   12.89  179.07   21.50   70.57
   176   Tom     February     25.86   14.15  203.83   28.35   18.64
   177   Leigh   December     29.69   13.88  182.08   22.86   68.66
   178   Jon     September    23.11   10.32  156.42   18.70   49.74
   179   Leigh   March        37.49   13.38  189.98   17.80   67.32
   180   Tom     November     22.51   15.16  201.26   30.98   21.76
   181   Leigh   August       28.23   12.00  196.38   29.88   67.87
   182   Tom     December     24.65   13.07  222.73   30.13   20.63
   183   Leigh   March        34.17   19.23  192.73   19.83   73.60
   184   Tom     September    19.75   15.04  197.81   28.73   24.11
   185   Leigh   August       30.45   12.34  199.73   30.19   73.16
   186   Leigh   February     36.25   12.70  222.12   18.02   83.85
   187   Jon     June         25.49   14.33  134.48   18.46   53.11
   188   Jon     January      29.38   12.45  197.41   19.86   49.55
   189   Tom     September    23.32   14.16  200.29   29.40   16.79
   190   Leigh   July         34.38   13.77  189.74   26.05  102.06
   191   Leigh   January      35.33   12.15  195.19   20.18   75.43
   192   Tom     November     20.80   13.91  193.28   26.81   17.90
   193   Tom     October      17.67   10.64  199.77   30.08   18.04
   194   Jon     April        23.37   11.64  181.40   18.92   47.61
   195   Jon     March        26.11   14.01  189.70   18.77   51.65
   196   Jon     November     25.61   11.41  185.07   19.87   47.73
   197   Leigh   February     38.79   14.95  225.74   19.50   79.67
   198   Leigh   May          27.57   12.95  140.03   16.58   89.74
   199   Leigh   April        22.23   11.58  187.94   24.22   64.82
   200   Leigh   January      28.31   19.00  204.53   20.12   69.34
   201   Jon     December     22.81   14.84  181.06   22.69   45.28
   202   Leigh   May          26.14   17.49  140.80   19.39   85.57
   203   Leigh   August       26.73    8.90  203.21   27.18   66.53
   204   Tom     February     26.58   11.86  201.05   29.34   23.59
   205   Jon     March        21.68   17.47  192.23   19.53   50.58
   206   Tom     June         21.65   15.49  172.20   34.98   20.71
   207   Leigh   May          28.49   13.35  139.47   20.20   90.77
   208   Jon     November     23.77   12.96  173.12   18.50   54.05
   209   Jon     August       20.76   16.87  199.46   30.53   50.11
   210   Tom     November     24.80   12.24  196.91   30.94   25.84
   211   Leigh   February     33.76   16.12  219.01   23.43   79.75
   212   Jon     September    28.62   14.53  158.21   21.66   47.87
   213   Tom     April        25.61   11.85  157.23   30.25   18.84
   214   Jon     September    25.97   17.65  156.21   18.94   47.31
   215   Tom     November     23.98   15.66  199.06   30.54   24.15
   216   Tom     May          25.50   16.58  151.80   28.42   19.67
   217   Leigh   March        36.22   11.13  183.73   26.00   72.19
   218   Leigh   July         29.79   14.89  195.48   24.94  105.56
   219   Leigh   January      28.02   15.94  200.92   22.31   66.19
   220   Leigh   August       31.18   14.51  204.02   29.10   70.90
   221   Leigh   October      32.63   15.56  183.43   27.45   71.69
   222   Jon     August       22.46   13.56  199.31   31.92   49.84
   223   Jon     October      22.21   12.04  180.72   19.50   47.36
   224   Leigh   January      30.82   12.23  199.59   18.86   69.27
   225   Jon     February     28.92   15.48  214.98   20.79   51.34
   226   Leigh   October      37.48   14.79  177.68   26.02   72.53
   227   Tom     September    22.16   13.98  204.50   30.78   16.92
   228   Jon     January      24.12   14.72  195.01   16.47   49.86
   229   Leigh   July         29.02   12.91  187.70   21.46  102.37
   230   Jon     March        23.93   16.88  191.79   21.40   49.12
   231   Jon     December     19.61   13.41  178.06   17.68   48.52
   232   Tom     April        23.48   10.50  156.50   30.49   21.64
   233   Leigh   January      29.47   16.05  203.98   17.75   70.45
   234   Leigh   March        36.51   12.93  189.07   24.23   67.59
   235   Leigh   January      34.59   14.80  196.43   18.69   72.63
   236   Jon     May          27.64   12.73  141.97   20.94   69.87
   237   Jon     December     21.57    7.33  179.52   21.89   50.23
   238   Leigh   March        32.25   14.19  190.25   22.72   75.66
   239   Jon     October      23.07   13.40  187.12   18.14   50.81
   240   Leigh   December     34.29   17.63  180.96   19.33   73.26
   241   Leigh   October      31.27   12.80  180.04   22.98   70.43
   242   Leigh   June         25.99   14.02  139.10   29.07   67.88
   243   Tom     March        28.86   13.16  196.34   27.18   18.24
   244   Jon     January      23.97   18.86  205.23   23.42   49.90
   245   Leigh   October      32.39   10.27  176.76   25.97   74.74
   246   Leigh   August       32.59   17.07  196.92   33.00   66.11
   247   Leigh   November     33.24    9.01  186.18   20.01   73.00
   248   Leigh   July         28.43   18.05  192.80   25.08   98.39
   249   Jon     August       19.57   14.88  201.12   31.99   50.42
   250   Leigh   August       31.28   11.19  197.98   26.75   71.00
   251   Jon     June         25.23   17.51  142.95   18.13   55.41
   252   Tom     May          24.07   12.50  152.62   35.39   17.65
   253   Jon     July         22.25   19.69  190.22   24.76   80.50
   254   Jon     February     21.44   12.65  219.98   16.08   40.51
   255   Leigh   November     35.35   11.97  175.51   14.67   72.10
   256   Jon     December     21.52   16.30  178.25   21.03   51.57
   257   Tom     March        27.10   13.09  196.21   29.21   19.04
   258   Tom     March        26.10   12.04  196.12   25.71   24.51
   259   Jon     October      29.75   12.19  182.51   17.54   45.42
   260   Leigh   May          23.60   11.27  138.86   17.62   95.66
   261   Jon     May          27.01   13.47  136.68   16.67   72.22
   262   Tom     September    14.64   11.41  203.69   29.51   16.85
   263   Tom     January      23.50   17.32  194.76   35.61   23.44
   264   Tom     March        29.95   16.02  203.06   30.06   20.62
   265   Leigh   March        37.33   14.42  191.83   20.97   72.14
   266   Tom     July         19.51   16.15  192.57   38.74   20.26
   267   Leigh   September    29.81   14.91  160.62   18.95   71.24
   268   Leigh   March        34.58   14.34  194.55   19.99   65.55
   269   Jon     October      23.92   15.89  175.69   18.33   49.94
   270   Tom     April        20.70   16.96  143.37   26.82   17.44
   271   Jon     April        24.74   15.15  175.26   19.97   47.14
   272   Jon     February     27.00   16.07  217.45   22.86   48.97
   273   Jon     January      24.47   13.71  201.91   23.25   50.37
   274   Leigh   May          21.35   17.81  142.02   21.41   91.25
   275   Tom     January      25.64   11.12  193.53   32.57   21.90
   276   Leigh   January      29.72   13.88  194.12   18.02   70.14
   277   Tom     August       27.43   13.94  218.49   32.72   23.47
   278   Jon     July         19.03   15.30  188.44   27.30   84.34
   279   Jon     May          21.72   12.89  141.46   18.91   68.88
   280   Leigh   April        25.87   11.32  194.51   15.68   71.73
   281   Leigh   March        34.87   13.94  188.77   26.60   70.51
   282   Jon     December     22.65   19.06  180.54   16.35   50.82
   283   Tom     August       25.34   15.98  218.19   30.95   18.53
   284   Tom     September    21.78   17.21  198.71   30.60   22.16
   285   Tom     June         22.03   15.43  165.80   32.48   17.76
   286   Leigh   February     34.51   16.59  213.63   22.41   79.26
   287   Tom     March        23.44   12.91  198.55   29.90   18.07
   288   Jon     September    25.31   13.95  156.84   18.44   55.50
   289   Jon     March        27.04   15.73  188.16   27.65   46.35
   290   Leigh   December     32.19   11.63  177.56   20.33   69.41
   291   Jon     March        25.75   16.02  187.16   25.52   46.14
   292   Jon     November     25.92   14.96  177.78   18.71   48.61
   293   Tom     June         25.41   12.55  169.69   33.67   20.80
   294   Leigh   October      31.56   12.69  179.79   24.64   70.89
   295   Leigh   February     31.30   15.10  219.97   22.24   78.67
   296   Jon     July         15.19   17.21  189.26   29.52   82.44
   297   Leigh   January      31.19   13.46  200.39   22.42   70.28
   298   Jon     June         21.90   18.11  140.22   22.92   48.48
   299   Jon     March        20.78   11.94  187.97   21.10   48.76
   300   Leigh   November     34.44   15.22  181.02   23.30   61.04
   301   Tom     March        26.51   13.00  196.25   30.96   18.95
   302   Jon     December     23.28   14.32  181.55   24.82   46.68
   303   Jon     February     24.82   15.37  225.27   19.56   48.74
   304   Tom     August       22.12   11.81  217.55   28.47   21.92
   305   Tom     October      23.20   14.08  202.37   31.08   21.85
   306   Jon     June         24.48   11.23  144.53   17.15   53.00
   307   Tom     January      25.53   16.42  204.13   30.54   22.20
   308   Leigh   July         32.66   16.23  188.73   27.03  101.15
   309   Jon     January      22.69   14.08  194.87   22.09   50.21
   310   Jon     January      23.95   11.10  203.80   19.26   51.88
   311   Jon     July         19.03   11.37  185.76   24.18   76.84
   312   Leigh   November     33.53   14.84  178.76   14.44   69.63
   313   Jon     August       22.14   22.17  198.26   32.02   58.75
   314   Leigh   February     38.99   15.04  220.15   17.90   81.51
   315   Jon     November     22.60   14.81  176.27   22.43   51.22
   316   Tom     March        23.56   12.21  201.27   31.25   14.06
   317   Tom     July         19.40   17.94  193.83   31.29   24.58
   318   Leigh   December     36.38   16.36  182.61   18.73   69.68
   319   Tom     August       25.24   16.37  217.28   31.74   18.26
   320   Leigh   May          22.23   16.80  146.88   19.11   86.58
   321   Jon     November     16.91   14.72  184.56   19.73   53.73
   322   Jon     January      24.22   11.96  197.10   21.67   50.04
   323   Leigh   October      33.27   13.59  174.09   28.46   71.46
   324   Tom     November     24.33   11.26  203.30   33.99   12.92
   325   Jon     December     21.80   10.86  174.71   22.21   47.47
   326   Leigh   February     35.59   14.89  225.68   19.36   81.30
   327   Leigh   November     33.12    9.64  183.04   18.80   68.83
   328   Leigh   September    33.77   13.58  159.97   24.21   71.51
   329   Leigh   November     31.53   11.41  177.67   20.13   69.04
   330   Leigh   July         29.48   16.45  188.83   25.71  102.93
   331   Tom     June         20.55   15.06  169.44   33.68   19.42
   332   Tom     December     25.64   11.62  222.35   27.06   19.79
   333   Jon     December     22.38   13.19  181.25   14.91   51.97
   334   Tom     October      22.14   13.97  201.03   29.83   20.88
   335   Leigh   August       30.64   10.22  197.73   32.40   70.42
   336   Jon     March        26.64   17.31  191.01   25.14   50.92
   337   Leigh   July         30.82   13.65  194.27   23.45  102.79
   338   Jon     December     27.06   13.73  181.27   22.50   54.94
   339   Leigh   October      31.42   16.50  178.57   22.22   70.58
   340   Jon     November     22.62    8.96  187.30   17.68   52.34
   341   Jon     August       18.77   17.06  205.42   30.73   55.47
   342   Jon     November     20.75   14.97  185.49   21.01   45.80
   343   Tom     December     17.62   18.16  225.01   29.11   25.89
   344   Jon     December     26.60   15.61  182.86   18.68   44.75
   345   Leigh   June         23.29    8.26  136.80   26.06   67.20
   346   Tom     April        23.12    8.38  152.19   29.61   15.85
   347   Tom     May          26.35   14.51  152.18   26.15   23.52
   348   Tom     October      24.99   11.88  198.56   34.29   19.15
   349   Jon     February     27.58   16.08  216.85   18.64   53.57
   350   Tom     June         21.25   16.39  170.11   32.06   20.20
   351   Leigh   August       32.82   17.05  198.32   28.21   73.03
   352   Tom     March        28.66   15.81  203.40   33.10   21.77
   353   Tom     August       25.41   14.59  221.31   26.72   19.06
   354   Jon     December     20.52   14.77  181.21   20.82   50.06
   355   Tom     May          27.74   16.22  146.67   28.84   20.57
   356   Jon     January      26.97   12.05  199.16   21.41   53.23
   357   Jon     April        23.96   11.51  175.88   17.75   49.35
   358   Leigh   February     37.91    9.13  218.63   15.43   82.39
   359   Tom     March        23.00   14.86  206.59   28.52   18.54
   360   Tom     July         24.35   13.81  188.46   32.40   17.02
   361   Jon     December     21.78   14.74  182.61   18.15   50.23
   362   Leigh   November     36.10   16.86  178.10   19.54   74.35
   363   Jon     July         17.67   17.44  187.60   23.98   80.24
   364   Tom     June         21.94   15.66  173.13   35.93   18.69
   365   Tom     March        27.82   14.24  198.25   28.53   17.06
   366   Tom     January      28.43   16.80  200.60   32.10   19.46
   367   Leigh   August       28.50   19.90  196.12   32.76   70.56
   368   Jon     December     20.35   18.97  183.72   22.24   53.28
   369   Leigh   September    36.42    9.73  162.20   18.53   72.35
   370   Tom     June         20.49   11.79  166.00   34.45   18.17
   371   Jon     October      24.23   15.24  178.50   22.58   49.06
   372   Leigh   June         26.02   13.63  134.58   24.30   68.44
   373   Leigh   December     36.14   20.38  182.23   18.69   75.31
   374   Leigh   December     36.74   10.53  178.27   21.18   73.08
   375   Leigh   April        25.76    6.21  190.96   20.21   68.38
   376   Leigh   May          25.55   16.18  141.84   20.93   89.14
   377   Tom     April        25.48   11.13  150.48   28.55   18.72
   378   Leigh   May          27.45   14.77  141.89   19.84   92.82
   379   Leigh   December     34.81   16.57  179.15   22.53   70.90
   380   Jon     October      21.32   13.16  175.03   17.25   46.35
   381   Jon     August       23.81   16.90  202.75   30.01   47.35
   382   Tom     December     21.34   13.41  219.83   29.57   18.78
   383   Tom     May          22.15   18.13  150.38   29.33   17.47
   384   Tom     February     26.72   15.70  197.08   30.53   17.28
   385   Tom     May          23.35   18.52  152.45   30.51   19.57
   386   Tom     January      25.04   16.44  206.53   26.91   17.79
   387   Tom     February     23.80   10.66  196.12   32.20   20.34
   388   Tom     April        21.42    8.52  155.84   26.98   21.34
   389   Jon     July         17.16   17.33  192.07   23.93   80.93
   390   Tom     July         27.87   14.41  189.50   34.47   19.62
   391   Jon     June         23.27   13.88  138.67   20.15   53.27
   392   Tom     October      23.72   11.73  198.85   27.90   19.42
   393   Leigh   August       29.94    9.08  202.36   29.81   66.51
   394   Tom     April        23.99   13.32  150.01   29.41   19.76
   395   Jon     November     23.47   12.70  183.08   21.45   49.96
   396   Leigh   March        35.97   16.11  195.25   20.31   68.29
   397   Leigh   June         21.40   15.07  139.23   26.81   71.37
   398   Jon     March        29.09   19.78  186.20   18.07   56.30
   399   Leigh   March        37.82   12.45  192.86   18.92   66.63
   400   Jon     October      24.00   16.61  173.76   21.60   52.31
   401   Leigh   March        33.90   11.99  189.90   23.50   65.22
   402   Leigh   March        33.87   16.24  193.42   21.98   67.14
   403   Tom     August       25.93   18.45  218.51   27.81   21.61
   404   Tom     April        23.75   15.43  153.20   31.12   16.97
   405   Jon     June         26.02    9.25  137.12   18.99   46.24
   406   Leigh   September    35.18   15.31  159.99   22.37   67.84
   407   Jon     October      23.52   17.57  184.38   18.80   47.81
   408   Leigh   April        23.65   11.57  191.19   21.54   70.65
   409   Jon     October      18.24   12.01  176.41   23.56   49.51
   410   Tom     April        25.10   11.03  149.78   30.92   18.94
   411   Tom     April        28.45   15.60  154.75   28.77   18.05
   412   Leigh   September    36.66   16.17  156.35   17.12   62.94
   413   Leigh   January      29.86   12.92  202.28   21.07   68.55
   414   Leigh   February     39.29   18.61  223.99   19.04   82.26
   415   Leigh   December     29.85   14.00  178.52   22.21   62.21
   416   Leigh   October      31.77   13.42  182.35   24.28   71.28
   417   Tom     August       23.58   14.43  224.90   32.81   21.09
   418   Leigh   April        22.91   10.86  193.49   18.04   69.81
   419   Jon     March        26.01   19.41  192.94   23.03   46.88
   420   Jon     March        27.10   15.15  185.96   20.37   52.43
   421   Jon     November     24.24   16.93  178.56   19.00   41.85
   422   Tom     October      22.24   16.56  202.51   26.01   18.69
   423   Tom     September    23.36   13.47  197.82   34.76   20.35
   424   Jon     September    28.13   14.05  161.69   20.35   47.92
   425   Tom     November     19.71    7.50  201.29   30.19   17.56
   426   Tom     June         23.47   13.29  171.63   34.38   19.66
   427   Leigh   August       30.27   14.20  205.47   29.85   69.50
   428   Jon     October      26.69   13.87  178.06   19.99   52.80
   429   Leigh   December     31.27   16.11  183.49   21.82   66.55
   430   Leigh   March        39.46   16.20  194.53   19.45   68.07
   431   Jon     March        25.88   13.12  184.41   26.34   48.43
   432   Leigh   October      32.73   11.12  174.69   24.50   67.71
   433   Leigh   March        34.47   20.05  188.70   21.26   68.18
   434   Tom     November     26.04   15.12  198.42   26.11   22.69
   435   Leigh   July         30.22   15.04  193.81   21.37  101.60
   436   Jon     August       18.59   17.16  198.83   30.67   49.42
   437   Tom     December     26.21   16.53  223.18   29.35   25.07
   438   Jon     April        20.82   12.60  178.65   20.85   48.80
   439   Tom     March        27.08   13.37  199.63   25.68   21.20
   440   Jon     November     26.05    9.61  178.65   19.21   49.30
   441   Leigh   September    32.98   15.50  162.16   18.62   68.89
   442   Leigh   January      27.13   11.53  201.84   19.34   71.37
   443   Tom     June         23.76   14.91  167.25   35.52   27.01
   444   Leigh   August       30.53   15.68  200.85   30.73   70.87
   445   Leigh   February     36.34   13.47  216.48   22.74   79.78
   446   Leigh   April        29.71   10.16  190.98   18.43   72.79
   447   Tom     October      23.21   14.12  202.10   28.66   20.18
   448   Tom     November     21.28   11.94  203.50   31.99   21.52
   449   Leigh   March        34.10   16.80  195.04   22.16   65.61
   450   Jon     January      27.40   15.47  199.18   23.59   51.64
   451   Leigh   October      38.53    7.94  181.00   25.00   70.36
   452   Leigh   February     35.44   17.01  223.75   20.21   80.03
   453   Leigh   February     36.39    9.05  215.88   17.34   80.66
   454   Jon     December     23.98   15.00  181.21   21.63   57.18
   455   Leigh   February     35.96   12.58  220.76   23.06   74.33
   456   Tom     November     24.50   10.15  202.17   31.96   14.60
   457   Leigh   August       29.79   12.74  201.78   30.59   68.99
   458   Jon     June         20.22   12.32  136.10   19.33   45.41
   459   Tom     November     24.33    9.40  206.90   29.16   20.98
   460   Tom     January      28.38   17.17  200.46   27.60   20.23
   461   Jon     September    26.64   16.67  161.41   18.23   51.13
   462   Tom     July         23.32   11.05  194.24   33.70   20.22
   463   Leigh   November     35.32   13.14  180.00   19.32   72.90
   464   Leigh   February     32.38   17.37  220.37   23.92   85.58
   465   Jon     July         18.71   12.57  195.69   26.01   78.10
   466   Leigh   April        24.06    9.94  190.79   19.01   68.77
   467   Jon     April        24.31   13.56  169.49   18.33   51.68
   468   Tom     July         24.50   13.86  192.18   36.68   14.72
   469   Leigh   April        26.09    9.17  186.82   20.82   70.24
   470   Jon     March        23.90   15.40  193.15   23.17   47.12
   471   Leigh   October      33.47   16.90  181.82   23.14   74.29
   472   Leigh   January      26.63    8.22  199.02   22.96   68.14
   473   Leigh   June         24.80   13.92  139.31   23.89   67.72
   474   Leigh   November     35.12   11.45  181.56   20.02   68.71
   475   Leigh   February     36.59   18.33  220.96   20.74   80.70
   476   Tom     May          21.98   13.64  156.32   31.52   22.11
   477   Jon     August       16.74   20.50  195.95   30.88   55.76
   478   Jon     October      24.63   13.20  184.16   23.75   50.08
   479   Tom     September    25.35   14.17  196.65   31.35   14.05
   480   Jon     May          23.89   17.36  138.14   21.86   67.85
   481   Jon     April        27.37   11.86  174.88   18.41   50.65
   482   Jon     July         22.17   12.98  192.33   27.19   83.79
   483   Jon     September    23.85   11.70  154.60   21.09   47.12
   484   Leigh   August       30.57   16.47  206.96   29.63   70.46
   485   Jon     May          27.02   10.07  138.76   26.59   68.54
   486   Jon     February     24.89   12.41  219.49   20.27   50.08
   487   Jon     February     25.21   12.82  219.90   16.66   50.36
   488   Jon     April        29.18    7.73  178.42   19.03   49.84
   489   Leigh   June         24.21   15.70  133.68   28.53   67.98
   490   Tom     June         17.39   15.64  166.90   37.32   14.06
   491   Leigh   February     36.75   15.95  215.96   18.03   77.50
   492   Leigh   February     34.93   19.33  222.41   22.28   76.68
   493   Leigh   May          22.29   14.13  140.53   21.63   86.76
   494   Leigh   November     27.72   16.00  181.01   15.59   74.49
   495   Leigh   February     35.38   15.74  218.91   25.08   84.07
   496   Jon     October      21.95   10.39  180.22   21.06   48.80
   497   Leigh   March        35.20   12.67  190.80   24.52   69.06
   498   Jon     March        23.55   12.76  187.08   23.95   49.36
   499   Jon     November     24.88   15.06  183.73   23.54   55.70
   500   Tom     September    21.01   14.17  203.26   29.38   21.35
   501   Tom     July         26.96   18.21  192.10   37.45   18.83
   502   Leigh   September    29.06   11.72  157.79   16.52   67.76
   503   Tom     November     22.87   13.72  200.19   26.46   21.46
   504   Tom     August       26.47   15.18  215.07   32.44   15.58
   505   Tom     January      30.00   14.05  199.77   29.23   15.51
   506   Jon     April        25.31    8.81  176.43   19.69   53.91
   507   Tom     May          22.34   13.61  147.49   34.37   16.34
   508   Leigh   September    34.45   14.63  152.53   22.33   72.36
   509   Jon     April        24.61   11.47  182.34   16.90   51.01
   510   Jon     July         20.27   17.05  185.20   23.94   80.80
   511   Leigh   August       24.27   22.25  201.99   27.67   66.41
   512   Jon     June         28.63   10.98  141.48   19.77   48.85
   513   Jon     July         19.87   18.61  194.34   25.68   77.98
   514   Tom     April        24.58   12.62  145.47   28.49   23.69
   515   Tom     February     22.07   16.41  203.42   27.79   19.59
   516   Tom     June         27.44   14.71  167.33   32.61   22.53
   517   Leigh   July         28.97   11.72  191.03   28.79   99.88
   518   Leigh   October      33.33   12.16  180.71   27.27   71.58
   519   Leigh   October      31.84   16.15  178.95   22.66   73.15
   520   Leigh   July         29.04   18.30  188.53   27.18   99.90
   521   Tom     May          25.41   13.18  146.12   34.50   23.54
   522   Jon     December     20.91    8.25  179.92   25.97   50.79
   523   Jon     October      23.82   14.51  182.08   17.61   51.61
   524   Jon     April        23.49    9.15  185.36   19.24   48.01
   525   Jon     March        23.30   19.86  183.12   24.53   49.90
   526   Tom     May          20.01   14.78  146.41   32.38   20.36
   527   Jon     September    22.66   14.43  164.73   20.04   55.36
   528   Jon     January      24.59   17.78  202.06   19.33   49.42
   529   Tom     May          26.78   13.60  149.54   32.91   24.06
   530   Tom     August       26.56   12.29  221.04   30.25   18.63
   531   Jon     December     19.87   17.19  177.93   15.75   53.44
   532   Jon     May          24.97    9.62  142.29   21.06   71.77
   533   Leigh   February     35.34   15.31  220.18   19.26   82.88
   534   Leigh   October      28.96   12.04  173.90   23.60   69.72
   535   Jon     June         27.53   12.95  137.72   23.88   48.34
   536   Leigh   December     36.52   12.10  174.85   18.22   67.23
   537   Tom     January      26.01   14.67  200.79   32.46   20.99
   538   Tom     September    23.05   18.31  195.99   29.72   17.72
   539   Leigh   September    35.51   17.52  161.53   16.42   67.77
   540   Jon     December     23.53   18.24  183.16   16.30   50.62
   541   Jon     February     27.82   12.17  218.90   18.80   50.15
   542   Tom     June         27.04    8.72  168.07   32.81   25.14
   543   Tom     July         27.00   11.76  188.13   34.13   21.99
   544   Leigh   December     36.08   14.00  180.33   15.99   70.75
   545   Tom     August       25.69   12.59  223.36   31.96   21.80
   546   Leigh   January      27.57   15.41  198.22   19.16   61.47
   547   Leigh   August       32.81   17.73  199.92   29.62   67.39
   548   Jon     September    24.14   17.14  158.71   16.69   48.81
   549   Jon     June         19.90    6.88  141.48   17.80   47.85
   550   Jon     December     21.70   14.53  183.96   16.61   48.89
   551   Leigh   April        24.22   13.52  195.50   19.95   68.33
   552   Leigh   June         25.13   12.22  139.89   25.13   71.02
   553   Leigh   November     29.22   12.85  180.65   18.43   69.53
   554   Leigh   August       26.00   15.04  200.25   30.58   72.16
   555   Leigh   November     28.60   15.55  184.63   24.52   71.25
   556   Jon     March        27.04   14.92  187.82   20.49   51.27
   557   Leigh   August       28.96   17.00  201.56   27.21   73.32
   558   Jon     May          24.73   12.52  137.54   18.95   74.60
   559   Tom     January      25.23   13.63  198.91   30.39   24.23
   560   Tom     September    17.68   12.05  197.80   33.13   19.71
   561   Leigh   November     33.09   17.16  180.09   17.24   71.59
   562   Leigh   July         28.61   15.85  185.74   22.69  101.02
   563   Tom     April        23.24   14.78  150.21   30.97   20.00
   564   Leigh   September    34.69   16.33  159.84   22.87   73.84
   565   Leigh   March        36.11   14.22  189.41   21.72   63.86
   566   Jon     February     27.29   17.54  215.03   19.98   52.02
   567   Jon     May          24.33   14.20  137.11   19.77   69.79
   568   Jon     March        25.98   12.83  187.82   23.26   50.12
   569   Leigh   March        35.64   13.84  192.44   18.93   67.94
   570   Tom     August       27.70   10.81  220.61   33.46   18.70
   571   Jon     August       20.79   13.93  194.37   30.95   49.58
   572   Leigh   April        26.60   13.81  186.87   26.66   69.90
   573   Leigh   May          24.56   16.65  140.22   20.19   87.53
   574   Leigh   August       31.67   12.58  196.21   28.09   68.14
   575   Leigh   November     31.29    6.10  179.19   22.10   72.37
   576   Leigh   February     36.70   17.55  212.76   19.71   79.55
   577   Leigh   November     37.05   10.87  177.32   21.11   64.54
   578   Tom     April        19.97   14.58  148.02   31.28   20.83
   579   Tom     April        20.02   13.99  149.26   28.45   19.76
   580   Leigh   November     33.11   10.17  179.59   19.82   73.11
   581   Jon     March        26.97   14.54  191.31   21.67   47.16
   582   Tom     May          24.59   13.60  152.76   31.06   17.96
   583   Jon     January      26.25   11.61  199.14   20.76   48.24
   584   Leigh   August       27.92   13.56  194.47   29.49   66.52
   585   Tom     September    17.88   14.31  200.45   30.88   17.45
   586   Leigh   July         33.43   14.85  190.19   27.95  101.84
   587   Jon     December     27.67   16.47  180.76   16.35   44.82
   588   Tom     March        24.55   14.54  198.77   31.24   25.85
   589   Leigh   July         34.84   13.89  190.42   26.63   99.11
   590   Jon     July         21.02   12.55  191.41   24.61   80.69
   591   Leigh   March        36.23   19.58  187.22   20.39   70.79
   592   Jon     May          26.07   11.44  139.39   18.12   69.23
   593   Tom     July         24.32    7.56  187.56   39.88   18.89
   594   Jon     December     25.32   12.89  177.84   22.09   45.45
   595   Jon     June         25.86   15.06  139.76   18.89   50.03
   596   Jon     August       20.20   18.21  202.48   32.85   51.22
   597   Jon     March        25.70   12.24  189.03   21.86   54.98
   598   Leigh   September    40.45   12.53  157.28   18.71   76.45
   599   Leigh   March        30.98   13.05  187.45   21.02   69.01
   600   Jon     August       19.63   12.18  200.64   30.73   47.22
   601   Leigh   April        23.94   10.96  190.52   19.17   66.09
   602   Tom     November     21.70   14.15  202.25   28.62   23.90
   603   Jon     August       20.62   18.51  200.92   29.24   49.26
   604   Leigh   May          24.46   16.56  141.21   18.75   80.80
   605   Leigh   January      32.41   12.92  201.84   23.07   73.49
   606   Jon     March        24.39   16.68  194.10   26.66   58.62
   607   Tom     April        23.49   12.18  152.77   31.14   20.27
   608   Tom     June         23.47   12.01  174.09   32.73   21.09
   609   Leigh   May          26.02   16.58  140.60   19.66   88.69
   610   Leigh   February     36.29   12.04  216.80   18.04   79.81
   611   Jon     August       21.15   15.97  200.51   30.05   50.64
   612   Tom     April        23.42   12.02  152.23   32.57   21.11
   613   Leigh   May          29.10   17.51  139.34   21.60   86.61
   614   Tom     February     27.83   14.81  197.82   30.43   12.95
   615   Leigh   November     38.53   16.12  180.09   19.56   70.37
   616   Tom     November     27.55   18.61  199.58   27.25   18.20
   617   Jon     September    24.49   15.57  158.25   17.19   53.94
   618   Tom     December     22.92   15.38  222.17   24.30   16.55
   619   Leigh   August       27.94   11.84  196.21   27.20   71.21
   620   Tom     June         19.76    5.13  173.63   39.13   22.51
   621   Tom     August       26.97   13.82  214.30   31.98   23.42
   622   Jon     September    23.07   16.25  153.27   23.96   46.13
   623   Jon     August       17.93   22.95  202.15   28.42   53.07
   624   Leigh   December     30.89   13.47  183.96   19.55   66.68
   625   Tom     November     25.20   16.95  202.61   28.64   21.87
   626   Jon     November     24.06   13.24  175.20   21.25   51.94
   627   Jon     January      23.43    9.74  194.15   17.64   48.93
   628   Jon     September    22.08   10.93  158.16   18.53   48.75
   629   Tom     August       22.81   17.16  223.09   32.10   19.33
   630   Tom     July         23.38   14.30  186.29   31.30   20.85
   631   Leigh   June         19.92   18.70  139.99   23.67   68.45
   632   Leigh   May          21.15   16.21  140.54   18.58   91.26
   633   Leigh   February     35.49   19.79  221.22   18.02   74.22
   634   Tom     July         29.28   12.09  190.54   35.61   17.60
   635   Jon     March        26.35   11.19  186.82   21.55   42.97
   636   Jon     September    31.05    7.10  161.85   22.80   52.82
   637   Leigh   January      30.33   12.62  194.64   20.84   71.50
   638   Leigh   March        38.31   17.42  190.19   22.29   66.98
   639   Jon     June         27.49   13.13  141.96   19.48   47.59
   640   Leigh   August       31.60   11.90  202.63   25.96   69.28
   641   Leigh   March        36.19   20.25  187.99   21.98   63.05
   642   Leigh   January      29.76    7.07  198.45   19.38   72.41
   643   Jon     July         18.58   13.71  181.63   28.45   80.41
   644   Leigh   August       26.05   16.32  199.67   27.64   66.04
   645   Leigh   January      29.80   11.54  198.26   18.12   67.27
   646   Leigh   September    38.43   13.53  160.14   19.84   67.39
   647   Leigh   July         31.27   15.87  192.44   25.53  102.03
   648   Tom     September    20.62   14.61  197.56   29.08   20.78
   649   Jon     June         26.03   13.61  141.83   19.82   52.28
   650   Leigh   February     34.64   15.49  216.92   20.13   79.03
   651   Tom     February     23.23   15.86  196.99   31.04   24.88
   652   Jon     May          25.22   14.79  133.98   20.38   72.67
   653   Leigh   February     36.65   11.37  221.44   17.42   82.09
   654   Jon     October      20.81   12.57  181.87   18.21   52.74
   655   Leigh   August       32.00   15.12  196.70   28.02   69.36
   656   Leigh   July         30.62   15.66  189.45   26.04   95.19
   657   Leigh   August       25.92   12.00  201.04   31.57   71.41
   658   Jon     October      22.95   16.44  184.73   19.26   53.04
   659   Tom     February     26.69   13.30  197.78   34.18   23.49
   660   Tom     July         25.64   10.99  193.00   38.40   18.61
   661   Tom     March        27.99   12.72  201.93   29.25   23.95
   662   Tom     February     25.93   12.34  195.53   30.28   18.72
   663   Tom     September    23.51   14.53  201.48   31.60   17.59
   664   Tom     September    22.85   14.85  196.75   30.56   15.08
   665   Leigh   November     35.71   15.94  170.80   19.04   69.80
   666   Leigh   October      34.58   18.58  177.13   24.22   73.21
   667   Tom     February     20.61   13.30  198.38   29.59   23.76
   668   Tom     April        23.14   17.02  152.43   29.61   21.19
   669   Jon     December     20.26   14.74  191.47   18.01   53.29
   670   Tom     October      20.93   15.95  200.48   25.49   19.97
   671   Leigh   February     38.98   14.00  217.41   20.27   77.10
   672   Jon     November     22.86   16.34  177.48   19.70   50.63
   673   Leigh   February     36.66   18.50  226.48   17.77   80.33
   674   Jon     January      27.87   14.08  201.78   19.96   49.15
   675   Jon     January      21.01   12.69  200.08   20.84   51.65
   676   Jon     March        27.16   12.46  192.76   23.41   49.10
   677   Leigh   October      34.49   11.81  179.44   21.16   67.28
   678   Tom     May          23.81   13.11  153.20   29.75   21.56
   679   Leigh   May          23.96    9.56  135.40   17.74   86.48
   680   Tom     April        19.66    7.09  146.79   27.79   19.22
   681   Leigh   October      29.86   14.52  178.54   27.49   72.01
   682   Jon     February     25.45   17.22  226.77   16.58   53.30
   683   Tom     November     23.71   18.06  199.75   30.47   15.92
   684   Tom     January      24.81    8.67  195.71   30.76   22.06
   685   Leigh   March        36.57    9.36  190.87   24.32   69.57
   686   Jon     April        26.78    4.48  183.62   22.76   45.37
   687   Jon     July         23.07   13.30  189.75   24.77   77.96
   688   Jon     November     20.65   12.11  182.97   18.71   49.54
   689   Leigh   June         20.05   15.22  136.74   28.09   73.62
   690   Jon     February     24.06   17.31  220.88   22.62   48.32
   691   Jon     December     24.78    9.12  180.75   18.23   48.93
   692   Jon     January      24.36   11.40  201.59   17.19   45.51
   693   Jon     January      20.81   12.15  196.29   18.45   51.61
   694   Jon     October      26.60   12.97  180.43   19.34   52.99
   695   Leigh   September    33.67   14.23  160.62   20.60   72.77
   696   Leigh   July         27.96   14.05  186.71   26.26  100.41
   697   Jon     December     23.15   14.61  178.12   22.24   48.24
   698   Leigh   February     34.26    9.09  219.18   19.16   77.45
   699   Tom     June         25.40   15.19  167.57   36.77   22.05
   700   Tom     June         19.37   13.94  174.82   35.75   21.53
   701   Jon     April        27.58   12.19  175.95   22.20   50.36
   702   Jon     November     23.20   15.75  178.19   17.73   49.39
   703   Leigh   February     37.21   14.25  218.77   19.54   78.29
   704   Jon     December     20.17   15.48  184.57   21.20   51.01
   705   Leigh   May          22.21   12.87  137.39   21.35   88.43
   706   Jon     October      19.89   11.15  175.92   16.90   49.08
   707   Tom     October      25.85   14.80  205.54   29.95   26.03
   708   Leigh   April        21.98   13.29  187.54   16.94   71.19
   709   Leigh   August       29.28   14.53  199.00   28.09   71.75
   710   Tom     June         19.62   18.93  167.91   39.89   20.21
   711   Leigh   March        36.78   16.95  188.17   17.99   69.50
   712   Tom     September    23.84   14.11  204.51   26.29   17.48
   713   Leigh   March        36.03   11.61  185.50   22.57   67.32
   714   Jon     September    27.48   13.28  159.22   18.97   49.03
   715   Jon     December     26.95   11.37  189.54   21.81   49.12
   716   Leigh   June         25.12   11.65  137.64   25.09   68.43
   717   Leigh   December     34.77   11.36  180.17   17.34   71.22
   718   Leigh   May          30.41   12.77  141.99   18.52   90.42
   719   Leigh   April        26.13   10.29  183.97   19.63   70.34
   720   Tom     June         27.58    8.11  169.85   34.12   22.62
   721   Leigh   May          24.01   15.44  137.31   17.49   92.87
   722   Tom     June         26.25   10.10  169.20   34.68   18.29
   723   Jon     January      23.61   15.66  200.06   20.46   53.82
   724   Leigh   January      27.82   17.47  199.81   19.68   71.00
   725   Tom     September    22.17   14.12  200.86   28.24   19.83
   726   Jon     September    27.31   13.42  155.37   21.58   49.85
   727   Tom     September    22.21   11.91  200.36   31.22   19.69
   728   Tom     June         27.45    9.19  170.87   34.33   17.67
   729   Jon     April        26.52   13.85  184.36   19.15   47.26
   730   Jon     September    26.55   11.90  161.10   18.25   45.09
   731   Tom     September    22.90   16.47  200.33   32.93   16.39
   732   Tom     November     25.66   15.04  202.91   28.74   17.73
   733   Jon     July         22.08    8.36  194.02   23.82   74.80
   734   Tom     March        25.83   14.10  196.44   32.14   19.54
   735   Jon     June         28.32   14.47  138.96   21.51   46.22
   736   Jon     August       21.01   14.69  199.80   30.27   44.11
   737   Jon     February     29.18   10.86  215.97   17.55   46.00
   738   Jon     March        24.92   17.44  193.18   18.19   43.90
   739   Tom     July         26.31   13.57  189.45   32.92   16.64
   740   Tom     April        24.84   12.00  147.23   29.04   19.04
   741   Tom     December     23.48   14.13  217.50   30.30   21.66
   742   Jon     February     25.73   12.16  215.71   20.06   46.91
   743   Jon     November     25.57    8.65  182.05   18.13   52.22
   744   Jon     April        24.17   11.06  176.35   20.96   51.37
   745   Jon     September    23.66   12.78  156.95   15.14   55.79
   746   Tom     December     25.90   14.44  215.61   27.66   22.01
   747   Leigh   July         32.24   16.66  190.60   25.67  104.04
   748   Leigh   February     33.33   12.37  218.81   22.31   80.49
   749   Leigh   August       28.73   16.16  196.04   31.55   69.11
   750   Jon     March        22.63   14.83  186.42   22.41   50.52
   751   Tom     September    22.42   14.03  198.07   29.51   21.44
   752   Jon     August       21.52   21.70  202.58   31.42   47.98
   753   Jon     June         24.30   16.15  143.20   20.78   54.60
   754   Tom     May          24.04   15.71  143.94   30.24   17.26
   755   Tom     June         20.59   12.31  170.74   32.74   14.68
   756   Tom     June         24.99   14.52  164.38   33.93   17.47
   757   Jon     April        21.50    4.79  177.28   18.79   53.89
   758   Leigh   September    33.98   10.02  160.12   21.33   67.15
   759   Leigh   April        22.49    7.64  188.76   19.38   70.88
   760   Jon     December     21.41   11.37  177.89   24.30   50.97
   761   Tom     July         27.77   15.04  195.48   31.36   20.88
   762   Leigh   September    32.10   14.02  157.00   19.42   71.25
   763   Jon     February     22.58   14.56  215.91   16.74   49.20
   764   Jon     April        24.23   12.62  179.15   21.91   52.70
   765   Jon     May          25.15   15.67  141.10   20.06   70.37
   766   Jon     March        22.61   19.87  192.02   21.71   49.27
   767   Jon     June         20.45   12.04  146.11   21.99   50.20
   768   Jon     October      23.81    9.68  179.68   19.57   48.32
   769   Tom     November     21.39   14.62  198.29   31.43   19.55
   770   Jon     July         21.74   12.59  188.29   21.21   83.15
   771   Tom     August       22.53   14.87  219.42   30.95   20.28
   772   Leigh   October      37.75   18.15  177.90   23.52   72.61
   773   Jon     July         23.76   13.18  192.35   26.47   81.28
   774   Tom     March        23.36   16.26  206.08   32.24   22.38
   775   Tom     October      23.06   16.06  197.56   29.32   19.54
   776   Tom     June         28.07   19.70  173.59   33.99   16.72
   777   Leigh   January      25.59   11.25  201.05   19.09   67.77
   778   Leigh   September    31.09   18.21  156.37   17.08   68.89
   779   Tom     June         23.56   14.95  171.46   35.54   19.65
   780   Tom     August       29.85   16.53  220.29   29.58   18.18
   781   Tom     March        25.74   16.01  206.38   28.69   16.95
   782   Leigh   May          25.87   15.38  136.58   20.53   89.18
   783   Jon     March        26.98   19.83  197.17   21.43   46.40
   784   Leigh   October      36.57   15.25  184.01   18.69   69.66
   785   Leigh   March        33.38   13.13  184.99   23.24   69.36
   786   Jon     September    28.88   11.79  161.11   19.21   49.63
   787   Jon     April        26.21    6.00  179.25   16.74   55.08
   788   Leigh   February     37.23   17.50  214.55   18.69   79.04
   789   Leigh   May          22.38   16.42  142.69   19.73   93.95
   790   Jon     September    19.27   11.66  160.07   20.62   56.92
   791   Leigh   November     29.24    8.53  173.85   23.20   69.85
   792   Leigh   November     32.83   15.04  181.60   18.08   70.99
   793   Jon     July         19.62   15.93  197.10   25.84   79.43
   794   Jon     April        24.83   10.17  178.07   16.85   48.62
   795   Leigh   May          24.38   15.74  135.32   18.46   90.06
   796   Jon     September    27.16   13.86  159.12   20.94   49.10
   797   Leigh   May          25.30   16.12  138.66   20.46   89.83
   798   Leigh   September    36.05   16.77  162.47   21.36   71.62
   799   Leigh   January      29.98   14.60  197.40   20.56   70.04
   800   Jon     December     23.93   15.69  179.33   22.32   43.95
   801   Tom     October      16.53   13.79  201.76   31.37   17.93
   802   Leigh   March        37.76   14.96  194.53   23.93   69.74
   803   Jon     September    24.01   14.13  159.19   18.43   51.75
   804   Tom     October      21.45   17.45  199.29   32.50   18.44
   805   Leigh   March        32.16   12.80  182.63   20.33   74.22
   806   Tom     April        24.40   10.45  149.03   29.49   19.15
   807   Tom     May          20.78   17.12  146.60   26.44   21.55
   808   Tom     August       26.79   14.12  216.63   28.50   24.06
   809   Jon     December     22.10    8.44  178.53   22.28   48.41
   810   Jon     November     21.50   12.67  176.44   21.69   53.93
   811   Leigh   February     36.75   12.27  223.09   22.90   81.28
   812   Jon     August       20.88   16.70  198.20   30.47   51.76
   813   Leigh   July         29.18    8.93  184.79   25.00   99.56
   814   Leigh   October      33.68   14.66  178.24   29.56   68.76
   815   Jon     April        24.97   11.66  180.29   18.99   54.06
   816   Jon     May          22.46   16.32  136.07   24.36   68.66
   817   Jon     June         23.40   19.71  145.59   23.11   48.45
   818   Jon     December     24.34   13.79  171.71   20.16   47.49
   819   Leigh   February     38.51   10.42  219.97   13.81   80.86
   820   Jon     September    27.57   13.39  156.05   20.74   54.28
   821   Tom     December     21.90   12.75  218.76   31.20   19.09
   822   Leigh   April        28.16   12.32  189.79   22.68   70.60
   823   Leigh   March        32.14   17.23  195.92   24.52   65.86
   824   Jon     July         21.23   12.68  190.74   21.95   81.32
   825   Tom     September    21.62   16.64  198.74   34.23   20.00
   826   Leigh   July         28.61   14.57  189.86   22.70  100.96
   827   Tom     August       22.87   16.43  225.18   25.82   22.76
   828   Leigh   February     40.80   19.30  220.42   16.16   79.30
   829   Leigh   May          24.29   15.91  143.74   19.93   86.81
   830   Jon     April        23.73    7.84  182.60   19.03   48.56
   831   Jon     May          24.29   14.26  135.30   24.91   64.96
   832   Leigh   July         27.92   16.92  183.43   23.77   98.27
   833   Tom     January      23.28   14.26  203.40   29.52   25.66
   834   Jon     May          25.79   18.29  137.88   18.71   71.65
   835   Tom     March        27.62   15.13  201.86   30.80   21.36
   836   Leigh   June         25.82   13.59  133.74   24.61   75.64
   837   Tom     January      26.45   14.85  196.32   31.48   18.33
   838   Leigh   June         24.69   13.89  140.41   25.85   63.76
   839   Tom     April        24.72   13.72  153.37   33.27   16.81
   840   Leigh   November     32.69   15.03  176.50   14.34   65.66
   841   Leigh   February     36.10   16.31  217.25   19.16   81.64
   842   Tom     January      28.93   14.09  201.84   31.71   23.19
   843   Jon     October      24.46   11.81  178.04   18.29   48.58
   844   Jon     November     26.21   13.55  186.54   17.73   51.29
   845   Jon     January      26.55   12.14  192.33   13.01   44.28
   846   Leigh   July         28.99   12.32  184.39   26.83   98.91
   847   Tom     February     28.66   13.71  196.92   29.16   16.53
   848   Tom     October      20.97   16.88  200.54   29.52   24.78
   849   Leigh   March        32.09   16.82  194.13   24.04   71.32
   850   Tom     May          22.69   17.87  150.22   28.21   15.43
   851   Leigh   September    36.15   11.38  163.79   20.00   70.22
   852   Leigh   October      34.50   18.14  180.98   25.85   71.48
   853   Tom     November     24.08   13.62  199.21   29.48   21.38
   854   Jon     March        22.40   15.11  194.56   24.85   48.18
   855   Leigh   March        36.11   11.94  193.35   21.57   70.64
   856   Jon     June         24.59   14.15  140.38   17.78   55.80
   857   Jon     June         28.00   14.47  140.89   17.93   48.05
   858   Tom     May          23.96   15.88  155.25   26.10   21.58
   859   Tom     February     27.24   12.00  197.58   32.39   21.68
   860   Jon     July         22.67   12.23  194.22   24.76   81.08
   861   Leigh   April        24.25   17.37  190.07   15.82   69.86
   862   Tom     June         24.27   13.75  171.19   36.16   19.13
   863   Tom     September    23.35   14.64  196.65   28.38   21.16
   864   Leigh   October      35.78   12.74  178.75   26.23   73.10
   865   Jon     March        25.98   14.97  187.19   21.71   51.41
   866   Jon     December     21.45   12.13  179.55   22.37   46.81
   867   Jon     March        26.77   16.06  186.42   21.40   47.48
   868   Jon     June         24.26   16.67  138.98   24.18   49.44
   869   Leigh   May          27.88   12.63  142.39   15.35   88.03
   870   Leigh   April        21.37   12.35  186.39   20.57   69.29
   871   Leigh   April        27.22   12.09  190.18   19.29   70.54
   872   Leigh   June         26.45   14.85  139.00   31.11   68.71
   873   Jon     November     25.53   13.94  180.89   20.04   43.73
   874   Tom     September    19.09   14.22  197.30   27.85   23.87
   875   Tom     June         24.01   13.21  165.11   33.45   20.02
   876   Leigh   April        28.81   13.84  193.33   22.72   66.04
   877   Leigh   January      28.84   17.97  207.05   19.19   70.09
   878   Jon     October      20.82   14.86  180.96   21.02   47.05
   879   Jon     December     23.00   14.01  181.30   18.73   41.54
   880   Leigh   November     31.01   16.07  182.06   21.06   68.10
   881   Jon     April        27.81    9.15  176.04   17.92   44.93
   882   Leigh   August       29.42   15.96  197.62   30.87   70.85
   883   Leigh   April        23.77    8.64  190.44   16.79   65.00
   884   Tom     May          20.36   13.12  151.55   33.42   15.59
   885   Tom     November     21.69   12.14  195.76   29.04   24.88
   886   Tom     May          23.89   13.98  150.40   30.19   22.36
   887   Leigh   November     35.76   13.44  181.84   19.97   73.45
   888   Leigh   May          26.82   11.72  136.18   19.63   90.44
   889   Tom     December     21.76   17.74  214.43   33.03   24.27
   890   Jon     December     24.01   13.77  181.33   19.33   47.01
   891   Leigh   December     33.72   12.29  175.14   22.66   69.98
   892   Jon     November     26.36   13.10  183.46   15.09   49.88
   893   Jon     December     17.99   15.75  177.04   19.69   47.52
   894   Leigh   May          27.02   11.80  144.18   19.41   91.47
   895   Tom     June         27.59   13.33  171.59   37.63   19.72
   896   Jon     October      25.94   14.02  176.47   15.25   50.01
   897   Tom     August       24.54   16.12  222.21   28.66   20.69
   898   Leigh   July         29.91   12.87  194.05   28.21  101.96
   899   Leigh   January      31.51   13.49  196.03   18.97   70.27
   900   Leigh   March        34.72   12.36  193.56   25.91   69.86
   901   Leigh   July         34.47   18.05  189.24   24.95   94.53
   902   Leigh   January      30.60    9.59  195.00   19.88   71.56
   903   Jon     October      25.01   11.85  181.14   17.85   49.78
   904   Jon     April        26.64   10.24  177.51   22.87   49.60
   905   Leigh   September    36.40   13.30  159.35   17.96   70.67
   906   Leigh   November     33.11   15.10  177.59   21.87   71.22
   907   Jon     January      24.67   15.52  202.46   17.77   52.88
   908   Leigh   October      32.35   14.81  178.96   24.95   73.55
   909   Tom     September    23.00   14.05  196.45   28.03   20.80
   910   Leigh   May          25.03   16.62  139.69   24.01   92.67
   911   Tom     April        23.24   15.82  148.77   32.33   19.59
   912   Leigh   March        32.57   13.41  187.22   21.55   72.06
   913   Tom     July         23.96   15.30  187.40   38.01   17.88
   914   Leigh   September    34.96   18.71  162.77   21.48   68.69
   915   Tom     November     23.38   12.57  205.59   29.99   19.66
   916   Tom     October      24.21   16.54  204.61   29.56   15.90
   917   Leigh   August       27.62   11.34  205.54   27.33   69.39
   918   Tom     February     25.10   15.00  199.22   33.83   20.66
   919   Jon     February     24.26   13.41  229.63   18.32   45.12
   920   Leigh   July         30.41   13.97  186.55   22.04  100.71
   921   Leigh   May          28.51   14.18  141.60   19.70   88.10
   922   Jon     July         17.86   17.76  193.57   25.72   81.31
   923   Leigh   April        23.51   14.08  190.61   22.28   70.44
   924   Leigh   May          25.59   12.74  138.77   20.47   90.75
   925   Leigh   April        23.51    9.00  189.16   18.32   71.95
   926   Leigh   May          23.25   11.37  139.11   21.19   90.33
   927   Leigh   December     31.30   18.77  182.58   18.83   68.80
   928   Jon     October      22.94    9.91  183.36   17.06   43.05
   929   Leigh   February     36.02   18.73  216.89   21.68   81.24
   930   Leigh   March        30.06   13.32  189.59   20.49   67.42
   931   Leigh   June         22.74   15.68  139.03   27.06   70.13
   932   Leigh   May          22.38   15.74  139.86   22.04   86.89
   933   Leigh   September    38.78   13.59  161.41   18.93   76.56
   934   Tom     October      29.13   13.61  199.59   30.64   21.90
   935   Jon     December     17.80   14.98  181.17   16.90   50.37
   936   Leigh   February     32.16   18.85  219.07   15.64   80.87
   937   Leigh   May          20.62   14.38  139.78   19.87   91.29
   938   Leigh   March        35.67   12.21  191.40   24.54   72.84
   939   Tom     September    19.68   14.77  199.09   30.88   22.94
   940   Jon     June         26.83   15.74  144.36   19.90   48.64
   941   Leigh   August       30.91   12.06  202.00   22.12   63.62
   942   Jon     March        26.13   18.22  189.62   20.93   45.03
   943   Tom     February     24.88   17.20  199.62   28.70   20.24
   944   Leigh   August       26.30   13.53  198.82   31.36   71.20
   945   Leigh   January      27.60   13.29  197.52   19.98   65.56
   946   Leigh   March        34.78   13.55  191.56   21.96   70.87
   947   Tom     April        21.26   14.78  155.22   32.16   17.19
   948   Leigh   November     32.46   14.01  184.48   19.52   70.23
   949   Leigh   December     32.17   11.90  178.69   16.83   72.58
   950   Jon     February     22.00   17.57  222.80   21.23   51.14
   951   Jon     September    26.71   12.02  160.15   18.35   53.09
   952   Leigh   February     34.10   14.43  221.33   18.38   81.23
   953   Jon     August       21.67   16.26  201.09   30.78   50.11
   954   Jon     October      25.39   16.46  178.55   22.66   47.39
   955   Jon     February     25.54   18.01  221.43   16.91   51.67
   956   Tom     November     24.43   19.11  200.31   27.67   15.19
   957   Leigh   May          21.72    9.94  140.66   24.97   89.00
   958   Jon     March        25.16   15.80  193.71   17.96   46.82
   959   Tom     September    21.97   13.06  196.63   27.86   16.22
   960   Leigh   July         30.32   16.03  186.74   24.17   94.36
   961   Jon     December     24.37   13.58  174.41   18.12   53.19
   962   Leigh   March        31.48   13.05  194.19   23.14   72.21
   963   Leigh   December     32.45   12.37  180.21   24.11   70.19
   964   Tom     June         23.27    8.97  161.60   37.21   18.67
   965   Leigh   July         30.92   11.81  192.77   23.40   98.82
   966   Tom     November     23.30   14.40  201.31   30.44   22.79
   967   Leigh   March        37.58   10.48  189.72   21.05   68.41
   968   Leigh   June         21.69    9.96  141.48   24.32   73.63
   969   Tom     June         23.90   12.66  172.07   34.58   18.85
   970   Tom     July         22.31   12.71  195.16   35.63   23.52
   971   Tom     January      26.68   13.12  197.32   30.52   20.56
   972   Tom     September    21.34   12.49  202.62   29.08   25.37
   973   Tom     February     27.35   11.10  199.03   28.25   20.58
   974   Tom     February     27.93   14.15  196.54   32.31   22.30
   975   Jon     October      24.95   14.49  181.37   21.79   57.34
   976   Jon     October      25.93    9.24  175.42   16.92   51.55
   977   Jon     April        25.29    9.99  175.50   16.04   48.28
   978   Tom     January      24.40   10.68  201.06   26.28   23.46
   979   Tom     November     23.55   12.23  200.27   30.59   20.85
   980   Leigh   July         33.40   12.52  182.55   20.48  100.44
   981   Leigh   November     33.65   13.01  179.17   20.85   73.28
   982   Jon     August       19.88   15.98  200.62   31.52   49.68
   983   Jon     January      21.77   14.28  202.66   18.35   52.80
   984   Leigh   October      32.85   20.00  178.50   23.77   71.91
   985   Leigh   August       28.30   14.91  201.04   32.23   71.67
   986   Jon     May          24.61   18.88  138.98   22.98   72.76
   987   Tom     April        26.08   11.37  147.65   27.33   18.65
   988   Leigh   November     33.03   14.58  175.34   21.52   72.14
   989   Leigh   March        36.28   12.21  188.92   18.67   73.18
   990   Jon     March        25.09   18.00  189.48   24.18   49.93
   991   Leigh   February     33.79   16.54  218.09   21.70   77.97
   992   Leigh   April        23.56   10.24  195.13   16.24   68.55
   993   Leigh   July         26.72   14.17  189.88   26.11   97.30
   994   Jon     November     27.41   12.39  181.99   19.78   46.63
   995   Tom     November     18.19   13.61  203.97   31.64   15.87
   996   Tom     December     24.13   18.08  215.91   32.06   20.60
   997   Leigh   November     31.76   13.95  179.56   22.57   73.16
   998   Jon     July         21.97   18.87  186.14   22.16   81.57
   999   Jon     May          23.53   12.83  140.51   18.35   69.19
  1000   Jon     July         17.31   15.10  189.14   25.35   80.67
