
                Table 4.5 Cholesterol by gender age groups

	Variables:
	    Gender: Female, Male
		Age (groups): 20s, 30s, 40s, 50s, 60s, 70s, 80+
		Y = Cholesterol, histogram-valued, {[ak, bk), pk; k=1,...,s}

	input u gender $ Age a1 b1 p1 a2 b2 p2 a3 b3 p3 a4 b4 p4 a5 b5 p5 
                    a6 b6 p6 a7 b7 p7 a8 b8 p8 a9 b9 p9 a10 b10 p10

		      -------------------------------------



  1 Female 20  80 100 .025 100 120 .075 120 135 .175 135 150 .250 150 165 .200
              165 180 .162 180 200 .088 200 240 .025 240 245 .000 245 250 .000
  2 Female 30  80 100 .013 100 120 .088 120 135 .154 135 150 .253 150 165 .210
              165 180 .177 180 195 .066 195 210 .026 210 240 .013 240 250 .000
  3 Female 40  95 110 .012 110 125 .029 125 140 .113 140 155 .206 155 170 .235
              170 185 .186 185 200 .148 200 215 .043 215 230 .020 230 245 .008 
  4 Female 50 105 120 .009 120 135 .026 135 150 .046 150 165 .105 165 180 .199 
              180 195 .248 195 210 .199 210 225 .100 225 240 .045 240 260 .023
  5 Female 60 115 140 .012 140 160 .069 160 180 .206 180 200 .300 200 220 .255
              220 240 .146 240 260 .012 260 270 .000 270 280 .000 280 285 .000
  6 Female 70 120 140 .017 140 160 .083 160 180 .206 180 200 .294 200 220 .250
              220 240 .117 240 260 .033 260 270 .000 270 280 .000 280 285 .000
  7 Female 80 120 140 .036 140 160 .065 160 180 .284 180 200 .325 200 220 .213
              220 240 .065 240 260 .012 260 270 .000 270 280 .000 280 285 .000
  8 Male   20 110 135 .143 135 155 .143 155 165 .286 165 175 .214 175 185 .143
              185 195 .071 195 205 .000 205 225 .000 225 235 .000 235 245 .000
  9 Male   30  90 100 .022 100 120 .044 120 140 .044 140 160 .333 160 180 .289
              180 200 .179 200 220 .089 220 230 .000 230 235 .000 235 245 .000
 10 Male   40 120 135 .018 135 150 .109 150 165 .327 165 180 .255 180 195 .182
              195 210 .073 210 225 .036 225 230 .000 230 235 .000 235 245 .000
 11 Male   50 105 125 .019 125 145 .020 145 165 .118 165 185 .216 185 205 .294
              205 225 .137 225 245 .176 245 265 .020 265 280 .000 280 285 .000
 12 Male   60 130 150 .041 150 170 .042 170 190 .167 190 210 .375 210 230 .250 
              230 250 .083 250 270 .042 270 275 .000 275 280 .000 280 285 .000
 13 Male   70 165 180 .105 180 195 .316 195 210 .158 210 225 .158 225 240 .210
              240 255 .053 255 260 .000 260 275 .000 275 280 .000 280 285 .000
 14 Male   80 155 170 .067 170 185 .133 185 200 .200 200 215 .267 215 230 .200
              230 245 .067 245 260 .066 260 275 .000 275 280 .000 280 285 .000
