


         Table 4.6 Hemoglobin by gender age groups

      Variables:
	    Gender: Female, Male
		Age (groups): 20s, 30s, 40s, 50s, 60s, 70s, 80+
		Y = Hemoglobin, histogram-valued, {[ak, bk), pk; k=1,...,s}

	input u gender $ Age a1 b1 p1 a2 b2 p2 a3 b3 p3 a4 b4 p4 a5 b5 p5 
                    a6 b6 p6 a7 b7 p7 a8 b8 p8 a9 b9 p9 a10 b10 p10

		      -------------------------------------




  1 Female 20 12.0 12.9 .050 12.9 13.2 .112 13.2 13.5 .212 13.5 13.8 .201 13.8 14.1 .188
              14.1 14.4 .137 14.4 14.7 .075 14.7 15.0 .025 15.0 15.3 .000 15.3 15.8 .000
  2 Female 30 10.5 11.0 .007 11.0 11.3 .039 11.3 11.6 .082 11.6 11.9 .174 11.9 12.2 .216
              12.2 12.5 .266 12.5 12.8 .157 12.8 14.0 .059 14.0 14.5 .000 14.5 15.0 .000
  3 Female 40 10.5 11.0 .009 11.0 11.5 .084 11.5 11.8 .148 11.8 12.1 .217 12.1 12.4 .252 
              12.4 12.7 .180 12.7 13.0 .087 13.0 14.0 .023 14.0 14.5 .000 14.5 15.0 .000
  4 Female 50 10.5 11.2 .046 11.2 11.6 .134 11.6 12.0 .222 12.0 12.4 .259 12.4 12.8 .219
              12.8 13.2 .105 13.2 13.6 .012 13.6 14.0 .003 14.0 14.5 .000 14.5 15.0 .000
  5 Female 60 10.8 11.2 .028 11.2 11.5 .081 11.5 11.8 .133 11.8 12.1 .231 12.1 12.4 .219
              12.4 12.7 .182 12.7 13.0 .061 13.0 13.3 .057 13.3 13.6 .008 13.6 14.0 .000
  6 Female 70 10.8 11.1 .022 11.1 11.4 .050 11.4 11.7 .078 11.7 12.0 .183 12.0 12.3 .228
              12.3 12.6 .233 12.6 12.9 .117 12.9 13.2 .067 13.2 13.6 .022 13.6 14.0 .000
  7 Female 80 10.8 11.2 .029 11.2 11.5 .095 11.5 11.8 .148 11.8 12.1 .213 12.1 12.4 .207 
              12.4 12.7 .160 12.7 13.0 .077 13.0 13.3 .047 13.3 13.6 .024 13.6 14.0 .000
  8 Male   20 12.9 13.1 .071 13.1 13.3 .143 13.3 13.5 .214 13.5 13.7 .217 13.7 13.9 .212
              13.9 14.1 .143 14.1 14.3 .000 14.3 14.3 .000 14.3 14.5 .000 14.5 15.0 .000
  9 Male   30 10.2 10.7 .022 10.7 11.1 .045 11.1 11.5 .089 11.5 11.9 .222 11.9 12.3 .200
              12.3 12.7 .267 12.7 13.1 .133 13.1 13.4 .022 13.4 14.5 .000 14.5 15.0 .000
 10 Male   40 10.8 11.2 .018 11.2 11.6 .163 11.6 12.0 .273 12.0 12.4 .273 12.4 12.8 .182
              12.8 13.2 .073 13.2 13.6 .018 13.6 14.3 .000 14.3 14.5 .000 14.5 15.0 .000
 11 Male   50 10.8 11.2 .020 11.2 11.6 .118 11.6 12.0 .235 12.0 12.4 .275 12.4 12.8 .235
              12.8 13.2 .059 13.2 13.6 .020 13.6 14.0 .038 14.0 14.5 .000 14.5 15.0 .000
 12 Male   60 11.3 11.6 .125 11.6 11.9 .166 11.9 12.2 .166 12.2 12.5 .167 12.5 12.8 .292
              12.8 13.2 .042 13.2 13.5 .042 13.5 14.3 .000 14.3 14.5 .000 14.5 15.0 .000
 13 Male   70 11.4 11.7 .053 11.7 12.0 .315 12.0 12.3 .316 12.3 12.6 .211 12.6 12.9 .105
              12.9 13.2 .000 13.2 13.6 .000 13.6 14.3 .000 14.3 14.5 .000 14.5 15.0 .000
 14 Male   80 10.8 11.2 .133 11.2 11.6 .067 11.6 12.0 .134 12.0 12.4 .333 12.4 12.8 .200
              12.8 13.2 .133 13.2 13.6 .000 13.6 14.3 .000 14.3 14.5 .000 14.5 15.0 .000
